Timestamp(ms),AccelX(g),AccelY(g),AccelZ(g),GyroX(deg/s),GyroY(deg/s),GyroZ(deg/s),DistanceLeft(cm),DistanceRight(cm)
36851,0.202,-0.097,0.764,7.229,-225.763,38.214,1,0
36897,0.786,-0.064,0.349,17.649,-59.947,27.641,0,0
36943,0.701,0.048,0.552,-18.313,116.618,-40.087,0,0
36989,-0.017,0.012,1.044,1.926,152.565,7.508,3,0
37037,-0.556,-0.087,1.297,0.834,15.73,13.458,4,0
37083,-0.006,-0.068,0.976,-21.758,-89.786,-24.529,0,0
37129,0.34,-0.068,0.814,4.606,-5.373,15.857,3,0
37176,0.034,-0.068,1.051,-2.983,33.214,11.297,0,0
37220,-0.133,-0.257,1.083,-4.181,-18.992,-3.501,0,0
37266,-0.016,-0.035,0.781,-5.57,-29.103,-10.875,0,0
37312,0.061,-0.056,0.927,-4.93,10.397,-1.612,0,0
37358,-0.005,-0.073,1.039,-3.17,5.633,3.878,1,0
37405,-0.055,-0.069,0.858,-6.541,-28.968,-1.758,0,0
37451,0.113,-0.065,0.965,-2.988,-3.856,2.764,0,0
37497,0.06,-0.093,0.966,-5.595,0.707,-0.618,0,0
37544,-0.079,-0.042,0.941,-16.965,-2.347,-2.837,0,0
37591,0.222,0.038,1.009,4.767,55.483,8.146,3,0
37640,-0.342,-0.023,1.034,-29.511,141.775,22.771,4,0
37687,-0.491,-0.264,1.181,-33.519,-137.473,61.053,0,0
37733,0.366,-0.306,0.925,5.092,-250.137,43.092,0,0
37780,1.567,-0.587,0.417,30.275,-98.611,-71.982,5,5
37826,1.394,0.027,0.205,-9.101,250.13,-67.527,0,0
37872,0.32,-0.043,0.212,-26.16,250.13,-46.374,2,0
37919,-1.263,-0.147,0.713,-18.166,250.13,1.72,0,0
37965,-1.909,-0.093,1.418,-32.107,59.282,25.687,1,0
38012,-1.443,-0.24,1.083,-50.626,-250.137,22.954,0,0
38079,-0.492,-0.465,0.395,-9.995,-250.137,13.372,3,0
38126,1.855,0.142,0.046,29.046,-129.267,-89.382,1,0
38173,1.016,-0.064,0.165,-39.344,250.13,-53.26,2,0
38219,-0.863,-0.253,0.608,-42.473,250.13,-48.503,0,0
38266,-1.973,-0.293,1.764,-19.115,30.649,49.618,1,0
38312,-1.314,-0.051,1.01,28.059,-250.137,24.282,5,0
38360,0.527,-0.14,-0.004,7.0,-250.137,33.819,4,0
38407,2.0,0.184,0.11,23.023,-56.412,12.672,1,0
38453,1.001,-0.045,0.281,-42.595,250.13,-36.901,2,0
38503,-0.555,-0.184,0.971,-42.153,250.13,-31.786,1,0
38549,-1.202,-0.3,1.4,-8.365,86.595,5.506,1,0
38596,-0.981,-0.436,1.281,-22.427,-250.137,-12.272,0,0
38642,0.466,-0.391,0.461,-5.672,-250.137,-0.03,0,0
38689,1.489,-0.028,0.285,15.427,78.247,-6.223,1,0
38736,0.367,0.037,0.985,-30.473,237.557,21.82,3,0
38782,-0.359,-0.42,1.193,-24.16,139.275,-13.077,0,0
38830,-0.407,-0.524,1.16,-22.353,-146.475,-41.769,0,0
38876,-0.293,-0.411,0.765,-27.124,-63.55,-28.24,0,0
38943,0.268,-0.366,0.745,-7.927,-18.887,-11.803,0,0
38990,-0.196,-0.205,1.001,-10.37,65.679,20.119,1,0
39036,-0.698,-0.344,1.272,-11.238,-86.076,30.42,1,0
39084,-0.108,-0.409,0.842,7.366,-229.244,12.781,0,0
39131,1.017,-0.11,0.972,29.985,-116.969,21.106,4,0
39178,1.382,-0.229,0.227,36.053,225.229,-36.893,0,0
39280,-1.499,0.064,0.392,-40.885,250.13,0.224,0,0
39327,-2.0,-0.31,1.688,-44.008,-199.191,92.947,1,0
39374,-1.58,-0.39,0.484,-38.649,-250.137,43.718,0,0
39425,0.898,-0.866,-0.812,6.176,-250.137,-96.557,0,0
39472,2.0,0.429,0.183,12.824,142.397,-29.748,0,0
39519,-0.278,-0.042,0.357,-65.206,250.13,-70.891,0,0
39565,-1.59,-0.434,1.378,-42.527,198.855,69.74,2,0
39612,-1.74,-0.228,1.633,-27.351,-250.137,36.336,2,0
39659,-0.508,-0.526,0.218,-38.611,-250.137,-16.042,0,0
39706,2.0,0.271,-0.277,38.824,-46.153,-115.649,3,0
39753,0.743,-0.057,0.112,-50.802,250.13,-37.763,0,0
39800,-1.032,-0.501,1.048,-55.718,250.13,22.794,0,0
39868,-1.928,-0.489,1.873,-6.79,-202.534,51.931,0,0
39915,0.34,-0.633,0.06,-7.042,-250.137,20.828,2,0
39962,2.0,0.314,-0.069,44.351,1.1,-49.71,0,0
40008,0.698,-0.339,0.073,-52.504,250.13,-52.061,0,0
40055,-1.067,-0.097,1.123,-44.473,250.13,48.899,3,0
40102,-2.0,-0.416,1.974,8.912,-143.275,45.824,2,0
40150,-0.809,-0.414,0.581,-19.629,-250.137,39.962,0,0
40197,1.995,-0.873,-0.952,32.595,-250.137,-59.847,0,0
40264,1.774,-0.408,-0.351,-35.076,250.13,-72.252,0,0
40311,-1.39,-0.421,0.739,-68.046,250.13,20.784,1,0
40358,-2.0,-0.479,2.0,11.531,-113.397,45.924,1,0
40406,-1.29,-0.781,0.529,-55.898,-250.137,28.412,0,0
40453,1.527,-1.111,-1.078,15.618,-250.137,-80.618,0,0
40500,1.999,-0.136,-0.308,-11.097,250.13,-51.473,0,0
40547,-0.622,-0.102,0.486,-94.786,250.13,46.182,3,0
40594,-2.0,-0.887,1.465,1.311,141.344,71.244,3,0
40641,-1.678,-0.353,1.431,-42.741,-250.137,33.336,5,5
40692,0.257,-0.872,-0.368,-25.718,-250.137,-19.704,0,0
40739,2.0,0.18,-0.503,31.038,91.313,-41.321,0,0
40786,0.183,-0.083,0.933,-74.252,250.13,1.51,2,0
40834,-1.438,-0.646,1.648,-24.611,62.802,88.29,0,0
40881,-0.591,-0.696,1.111,8.183,-250.137,32.634,5,5
40928,1.297,-0.707,-0.16,25.313,-155.366,-73.382,2,0
40975,1.407,-0.522,0.026,-55.372,250.13,-40.969,0,0
41022,-0.455,-0.038,0.504,-79.992,250.13,-29.023,2,0
41069,-1.929,-0.873,1.548,-42.443,106.511,59.214,1,0
41137,-1.449,-0.29,1.159,-12.222,-250.137,43.557,0,0
41185,1.622,-1.112,-0.93,25.076,-250.137,-72.534,0,0
41232,1.995,-0.149,0.025,-22.754,250.13,-51.527,0,0
41279,-1.142,-0.489,0.045,-83.366,250.13,-36.878,0,0
41326,-1.768,-0.647,0.612,-37.092,250.13,38.969,0,0
41373,-2.0,-0.455,1.913,12.458,-250.137,54.229,0,0
41420,-1.021,-0.5,0.234,18.669,-250.137,52.115,3,0
41468,1.973,-0.953,-0.887,55.969,-250.137,-76.84,2,0
41516,2.0,0.041,-0.468,25.238,250.13,-56.252,2,0
41566,-0.425,-0.213,-0.192,-87.168,250.13,-31.954,2,0
41614,-2.0,-0.809,1.215,-21.176,250.13,80.305,1,0
41661,-2.0,-0.428,1.685,-1.887,-250.137,71.511,0,0
41765,2.0,-0.009,-1.122,92.321,-217.863,-83.466,0,0
41812,0.605,-0.004,-0.374,-52.908,250.13,-41.481,1,0
41860,-0.813,-0.357,-0.211,-79.649,250.13,15.633,0,0
41908,-2.0,-0.834,1.243,6.84,250.13,69.511,0,0
41955,-1.954,-0.782,1.509,-121.503,-250.137,-22.279,5,5
42002,-1.335,-0.21,0.563,-71.756,-250.137,-35.473,1,0
42071,1.192,-0.962,-0.691,-20.179,-250.137,-123.916,0,0
42118,1.217,-0.051,0.065,-64.023,250.13,-49.298,0,0
42166,-0.616,-0.62,0.64,-106.649,250.13,-10.679,0,0
42213,-1.698,-0.934,1.55,7.496,257.938,40.412,4,0
42260,-0.708,-0.052,1.123,17.985,-250.137,29.088,2,0
42307,0.944,-0.863,-0.121,5.542,-250.137,-43.412,1,0
42355,1.526,-0.377,0.107,10.183,121.267,-25.693,0,0
42402,0.813,-0.457,1.291,-72.794,250.13,23.278,6,0
42449,-1.168,-0.853,1.494,-82.583,-29.13,-12.75,0,0
42501,0.145,-0.352,0.8,5.015,-250.137,-2.254,0,0
42548,2.0,-0.306,-0.091,33.328,-20.476,-18.156,0,0
42596,-0.055,-0.524,0.792,-36.344,218.725,-5.744,0,0
42643,-0.615,-0.71,1.139,8.368,-42.672,24.817,1,0
42691,1.058,-0.541,0.289,-6.402,-46.542,-8.514,1,0
42738,-0.739,-0.602,1.157,-25.885,154.863,-34.135,0,0
42785,-0.263,-0.631,1.112,32.84,-96.244,32.634,1,0
42833,0.99,-0.422,0.333,-6.485,43.298,-28.491,0,0
42881,-0.03,-0.759,0.912,12.84,50.103,21.365,2,0
42949,0.628,-0.525,0.567,-14.329,35.893,-20.746,0,0
43003,0.004,-0.44,1.113,9.766,19.898,30.298,1,0
43049,-0.05,-0.728,0.615,9.527,32.496,-8.457,0,0
43096,0.112,-0.362,1.017,20.374,-11.571,38.489,0,0
43142,-0.057,-0.669,0.817,-14.08,53.153,-19.72,0,0
43188,-0.24,-0.436,1.082,8.13,-64.779,5.158,3,0
43235,0.363,-0.609,0.779,12.078,-82.809,-2.123,3,0
43281,0.269,-0.43,0.753,15.015,-32.725,9.763,0,0
43327,0.556,-0.49,0.83,-20.45,79.073,20.452,4,0
43376,-0.148,-0.523,1.003,-10.693,86.824,-27.458,0,0
43423,-0.232,-0.522,1.106,20.725,-85.405,24.786,2,0
43469,0.715,-0.651,0.491,0.804,-53.695,-12.743,0,0
43515,0.302,-0.428,0.542,4.511,103.954,-33.862,0,0
43563,-0.341,-0.58,1.041,5.206,10.216,29.565,0,0
43609,0.288,-0.459,0.87,15.221,-40.534,24.792,3,0
43655,0.257,-0.438,0.832,-4.762,16.773,3.989,1,0
43702,0.091,-0.475,0.812,-7.753,12.441,7.818,0,0
43748,0.08,-0.508,0.931,-3.856,-0.512,-1.666,0,0
43814,0.199,-0.507,0.861,-6.106,-5.511,-3.096,0,0
43860,-0.045,-0.514,0.663,-5.778,34.931,-0.62,0,0
43908,-0.172,-0.483,0.723,-7.798,-25.325,-5.543,0,0
43954,-0.027,-0.51,0.932,1.854,-12.85,1.743,0,0
44000,0.045,-0.496,0.693,6.947,-28.84,-2.963,0,0
44047,0.039,-0.467,0.739,-5.845,-18.36,-1.429,0,0
44093,0.207,-0.5,0.916,3.662,28.9,2.262,1,0
44139,0.249,-0.455,0.948,9.711,32.099,3.322,3,0
44242,0.16,-0.504,0.709,-2.727,156.076,-0.678,0,0
44292,-0.57,-0.409,0.936,-14.876,169.977,14.912,0,0
44339,-1.068,-0.603,1.185,-5.687,-52.58,42.435,0,0
44386,-1.021,-0.499,1.065,7.496,-250.137,27.649,4,0
44432,0.074,-0.648,0.177,13.405,-250.137,1.383,1,0
44479,1.542,-0.288,0.147,33.656,-151.275,4.286,0,0
44525,1.034,-0.279,0.425,-11.353,163.702,-0.627,0,0
44572,0.297,-0.431,0.588,-45.847,250.13,-35.42,0,0
44618,-0.485,-0.562,1.032,-41.26,211.29,7.335,3,0
44665,-0.879,-0.662,1.252,-3.807,-54.008,-16.599,0,0
44732,-0.368,-0.539,0.826,-18.179,-239.0,-29.916,0,0
44779,1.124,-0.482,0.354,18.359,-43.145,21.923,1,0
44826,0.421,-0.209,0.851,-0.483,163.702,31.467,3,0
44872,0.285,-0.586,1.216,7.04,122.137,23.16,5,0
44919,-0.369,-0.587,1.1,4.931,114.703,14.725,4,0
44965,0.278,-0.486,0.95,7.391,-67.13,0.693,3,0
45012,0.334,-0.487,0.836,3.923,26.191,1.843,3,0
45060,0.146,-0.504,0.774,-8.899,41.985,-1.529,0,0
45106,-0.114,-0.536,0.804,-12.057,33.649,-8.135,0,0
45156,0.078,-0.529,1.035,4.336,23.323,0.549,2,0
45202,0.045,-0.52,0.829,0.476,-15.13,-5.183,0,0
45249,-0.047,-0.525,0.717,6.718,-18.401,-2.931,0,0
45295,0.077,-0.522,0.897,11.344,27.771,5.598,0,0
45342,0.181,-0.509,1.051,12.962,54.225,10.884,4,0
45389,0.04,-0.521,1.02,15.435,44.574,7.586,2,0
45435,0.102,-0.479,0.913,23.427,33.312,6.891,1,0
45483,0.037,-0.446,0.756,25.588,72.817,9.062,0,0
45529,-0.392,-0.439,0.922,25.641,68.679,31.672,0,0
45576,-0.615,-0.453,1.009,32.718,-84.847,49.328,0,0
45626,-0.129,-0.42,0.749,24.893,-238.008,47.588,0,0
45673,0.856,-0.336,0.485,27.916,-137.099,-2.721,0,0
45720,0.981,-0.102,0.541,2.407,104.855,-10.846,2,0
45766,-0.08,-0.407,0.849,-22.595,227.71,-39.0,0,0
45813,-0.815,-0.451,1.122,-7.665,100.061,-35.726,0,0
45860,-0.772,-0.423,1.238,-0.992,-176.954,0.556,0,0
45907,0.369,-0.41,0.502,-0.695,-242.038,8.659,0,0
45955,1.168,-0.192,0.322,6.519,40.925,0.173,3,0
46001,0.238,-0.286,0.912,-32.977,178.901,9.875,4,0
46068,-0.578,-0.519,1.27,-8.617,49.076,3.343,2,0
46115,0.255,-0.301,0.873,1.978,-82.137,-0.722,2,0
46162,0.456,-0.423,0.745,4.166,44.985,6.835,2,0
46210,0.065,-0.286,1.01,-1.915,71.977,10.993,1,0
46256,-0.391,-0.558,1.108,-6.098,-63.201,-0.227,0,0
46303,0.38,-0.228,0.951,5.565,39.808,1.705,4,0
46350,0.104,-0.366,0.814,-5.138,47.885,1.444,0,0
46397,-0.152,-0.447,0.913,-7.894,44.115,1.03,0,0
46444,-0.14,-0.418,0.975,-1.76,-12.738,-0.658,0,0
46494,-0.056,-0.461,0.793,-8.112,-27.461,-6.995,0,0
46540,0.051,-0.406,0.937,-1.951,7.784,-0.129,0,0
46587,0.052,-0.229,1.028,9.518,40.156,6.95,3,0
46692,0.185,-0.161,1.134,11.679,29.695,10.031,4,0
46739,0.065,-0.333,0.965,22.878,85.168,4.772,1,0
46785,-0.307,-0.13,1.114,26.725,113.053,26.884,3,0
46832,-0.913,-0.392,1.25,24.282,-92.99,42.076,0,0
46879,-0.532,-0.47,1.017,24.985,-236.618,54.359,0,0
46927,0.638,-0.419,0.461,49.588,-195.565,11.767,0,0
46995,1.051,0.031,0.448,27.58,102.519,-7.075,3,0
47042,-0.481,-0.131,1.013,-6.891,238.802,-7.221,1,0
47089,-1.118,-0.116,1.347,8.769,7.366,29.813,3,0
47136,-0.502,-0.112,1.048,-7.263,-242.313,29.202,1,0
47183,0.849,-0.389,0.3,15.641,-170.672,-10.024,0,0
47230,0.788,0.002,0.49,-9.899,124.443,-26.347,0,0
47278,-0.297,-0.229,1.058,-27.985,184.817,1.572,1,0
47325,-0.819,-0.276,1.39,5.407,-27.313,12.523,3,0
47372,0.177,-0.087,1.074,9.24,-127.969,-7.908,3,0
47422,0.465,-0.2,0.67,-8.124,-17.726,-12.354,0,0
47469,-0.028,-0.318,0.894,-8.837,81.305,-6.331,0,0
47516,-0.406,-0.248,1.234,3.688,23.428,-4.89,0,0
47563,-0.203,-0.319,0.782,4.863,-48.412,-18.949,0,0
47610,0.114,-0.15,0.951,0.934,7.739,-1.606,1,0
47657,-0.178,-0.367,1.013,5.023,-6.798,-5.878,0,0
47706,0.178,0.001,1.013,4.298,29.181,9.604,6,0
47753,-0.001,-0.135,0.921,-5.056,3.834,-10.315,0,0
47800,-0.019,-0.145,0.988,-7.057,19.846,-11.096,0,0
47847,0.075,-0.21,0.995,7.611,47.87,-8.508,1,0
47897,0.227,-0.249,0.786,17.947,90.84,-15.608,1,0
47944,-0.438,-0.056,0.821,-15.031,129.328,-33.609,0,0
47992,-1.098,-0.364,1.411,-27.038,-82.328,11.771,0,0
48039,-0.491,-0.404,0.866,-9.376,-250.137,14.683,0,0
48087,1.148,-0.237,0.169,38.145,-164.626,-51.405,2,0
48134,0.908,-0.037,0.455,0.435,164.145,-17.237,0,0
48181,-0.377,-0.04,0.955,-30.053,237.702,-15.475,1,0
48229,-1.119,-0.218,1.461,13.813,-73.221,22.305,5,0
48279,-0.054,-0.317,0.772,-25.523,-250.137,-15.554,0,0
48327,1.663,-0.204,0.124,26.084,-22.478,-35.719,0,0
48374,0.458,0.1,0.546,-38.42,250.13,-27.42,0,0
48421,-1.001,-0.253,1.497,-51.534,164.038,22.901,0,0
48468,-1.027,-0.453,1.429,0.108,-218.137,-13.876,0,0
48517,0.58,-0.249,0.405,7.283,-199.626,-50.366,2,0
48564,1.073,-0.325,0.45,-6.286,84.443,-37.997,0,0
48611,-0.233,-0.345,1.105,-24.435,184.145,-42.391,0,0
48658,-0.606,-0.45,1.357,8.155,-54.679,38.167,3,0
48706,0.106,-0.248,0.761,7.977,-106.298,-28.359,0,0
48751,0.554,-0.19,0.638,-2.638,1.684,-1.631,0,0
48798,0.032,-0.299,1.013,-6.171,79.595,6.29,0,0
48845,-0.158,-0.299,1.121,4.321,13.224,-1.662,0,0
48892,0.121,-0.151,0.966,5.267,-2.403,-7.786,1,0
48941,0.125,-0.226,0.852,-5.013,11.437,-5.978,0,0
48988,-0.061,-0.264,0.937,-3.23,27.344,-2.365,0,0
49035,-0.052,-0.209,1.008,6.0,-12.745,3.795,0,0
49139,0.078,-0.221,0.934,1.028,2.928,7.075,0,0
49187,0.106,-0.159,1.007,1.287,2.496,10.743,0,0
49257,0.476,0.097,0.997,5.509,46.49,23.801,7,0
49303,-0.182,-0.294,1.002,-3.448,0.233,3.512,0,0
49349,-0.338,0.073,1.03,8.884,52.215,23.358,5,0
49395,-0.639,-0.343,1.19,-14.476,-180.878,53.046,0,0
49442,0.295,-0.487,0.466,16.092,-250.137,47.916,0,0
49488,1.426,-0.298,0.347,35.885,-98.145,-22.394,0,0
49534,1.131,-0.02,0.353,-15.449,230.038,-33.748,0,0
49581,-0.263,-0.068,0.854,-38.29,250.13,2.746,2,0
49628,-1.184,-0.395,1.523,-26.305,43.611,26.489,0,0
49677,-0.676,-0.325,1.197,-19.809,-250.137,30.863,0,0
49723,1.287,-0.54,-0.084,25.359,-224.366,-31.313,4,0
49770,1.333,0.069,0.278,1.041,197.244,-29.527,3,0
49816,-0.385,-0.1,1.019,-49.145,250.13,5.828,0,0
49862,-1.024,-0.491,1.564,-18.702,-39.031,46.008,0,0
49909,0.472,-0.254,0.989,4.821,-195.0,-28.611,3,0
49955,1.099,-0.011,0.479,5.504,77.838,-41.282,2,0
50001,-0.238,-0.401,0.64,-34.547,169.359,9.854,0,0
50049,-0.459,-0.449,1.361,1.825,77.104,32.038,2,0
50115,-0.182,-0.444,0.763,13.802,-77.771,-34.296,0,0
50162,0.394,-0.276,0.74,-7.373,42.298,-8.629,0,0
50208,0.131,-0.316,1.025,6.526,67.45,9.921,1,0
50254,0.173,-0.127,1.038,15.198,44.366,1.856,3,0
50301,0.181,-0.174,0.961,8.0,37.336,-3.863,2,0
50348,-0.201,-0.267,0.887,5.099,43.885,-15.378,0,0
50394,-0.25,-0.321,0.89,-3.665,-16.506,-5.675,0,0
50441,-0.224,-0.331,0.846,5.496,-30.927,-4.942,0,0
50487,0.082,-0.126,1.005,6.601,-0.514,5.483,2,0
50536,-0.099,-0.28,0.85,-5.307,-14.189,-0.109,0,0
50583,-0.065,-0.122,1.048,-6.555,-4.784,8.811,1,0
50629,-0.234,-0.436,0.805,-18.64,-43.893,-7.439,0,0
50676,0.288,-0.432,0.763,9.26,-63.568,-14.661,0,0
50722,0.243,-0.411,0.447,17.046,90.008,-61.225,5,5
50769,-0.694,-0.023,1.27,0.357,31.71,12.537,2,0
50816,-0.71,-0.189,1.172,-10.171,-216.748,27.229,2,0
50863,0.464,-0.45,0.398,10.771,-250.137,-23.608,0,0
50909,1.846,0.033,0.165,28.931,43.16,-43.672,0,0
50975,0.248,0.071,0.412,-37.252,250.13,14.651,4,0
51022,-1.427,-0.463,1.671,-28.641,-15.388,51.397,0,0
51069,-0.466,-0.258,1.067,-0.636,-250.137,-0.18,2,0
51116,1.406,-0.256,0.004,23.847,-71.473,-82.443,0,0
51163,0.386,0.023,0.663,-28.374,236.053,9.548,1,0
51209,-0.729,-0.347,1.604,-41.458,74.565,63.427,0,0
51256,-0.344,-0.555,1.055,14.824,-138.504,-20.879,0,0
51303,0.589,0.027,0.834,5.105,-46.74,-35.649,3,0
51349,0.244,-0.286,0.984,-7.063,54.069,22.397,1,0
51399,-0.004,-0.257,1.158,7.656,48.957,17.141,2,0
51446,-0.18,-0.388,0.725,8.145,-83.821,-15.594,0,0
51492,0.234,-0.198,0.936,0.768,1.71,0.948,1,0
51596,-0.053,-0.32,0.867,-4.141,3.264,-1.642,0,0
51643,0.029,-0.276,0.889,-2.04,-5.721,-3.598,0,0
51689,0.06,-0.301,0.863,-6.279,-6.683,-5.721,0,0
51736,-0.041,-0.29,0.868,-9.678,-3.818,-2.612,0,0
51783,0.138,-0.285,0.89,-0.9,32.779,-0.142,0,0
51829,0.243,-0.056,1.183,2.289,53.382,5.202,4,0
51876,-0.066,-0.227,1.073,0.753,27.664,2.238,1,0
51927,0.096,-0.214,1.034,6.898,19.691,-4.527,1,0
51973,0.232,-0.008,1.135,7.511,47.214,17.39,6,0
52020,-0.271,-0.06,0.798,-23.967,113.107,-23.217,0,0
52067,-1.049,-0.341,1.339,-37.87,-68.023,44.863,0,0
52113,-0.61,-0.503,1.027,22.748,-250.137,46.504,3,0
52160,1.252,-0.435,0.116,64.893,-237.374,-61.985,0,0
52207,1.543,0.132,0.052,39.804,212.473,-43.466,3,0
52254,-0.327,-0.066,0.585,-57.481,250.13,3.965,1,0
52301,-1.621,-0.445,1.688,-37.053,69.053,59.092,0,0
52369,-1.186,-0.203,1.323,-10.96,-250.137,44.565,2,0
52416,2.0,-0.067,-0.59,85.443,-164.466,-124.962,3,0
52463,1.238,0.127,-0.277,-30.076,250.13,-60.901,0,0
52510,-1.141,0.042,0.962,-80.45,250.13,23.145,0,0
52556,-2.0,-0.616,1.878,-7.358,-74.267,86.107,1,0
52603,-0.541,-0.435,0.774,13.081,-250.137,3.794,4,0
52651,1.377,-0.35,-0.185,35.412,-60.603,-150.641,0,0
52698,0.414,0.066,0.425,-33.191,250.13,5.61,5,0
52745,-1.272,-0.288,1.691,-76.115,103.252,82.725,1,0
52795,-1.202,-0.581,1.301,21.88,-250.137,92.107,2,0
52842,1.327,-0.735,-0.328,44.046,-250.137,-76.664,1,0
52889,1.852,0.427,0.191,11.914,206.924,-51.45,1,0
52936,-0.334,-0.016,0.521,-73.031,250.13,-27.095,0,0
52983,-1.589,-0.687,1.788,-33.29,12.13,78.305,2,0
53030,-0.648,-0.019,1.173,7.931,-250.137,37.13,6,0
53078,1.704,-0.482,-0.385,66.588,-135.985,-107.351,5,0
53124,1.04,0.152,0.273,6.872,250.13,-67.206,1,0
53171,-1.071,0.028,0.976,-55.672,250.13,11.751,0,0
53238,-1.887,-0.508,1.755,-20.206,-181.023,78.053,0,0
53286,0.413,-0.677,0.14,4.718,-250.137,55.56,3,0
53334,2.0,0.515,0.019,53.832,1.337,-100.198,0,0
53381,0.457,0.204,0.056,-35.252,250.13,-27.176,2,0
53428,-1.399,-0.223,1.393,-59.412,250.13,61.221,3,0
53475,-1.433,-0.38,1.62,-16.52,-250.137,73.504,0,0
53522,0.615,-0.666,0.219,-1.956,-250.137,26.635,2,0
53569,1.758,0.127,0.173,24.466,87.015,-119.359,0,0
53616,0.483,0.104,0.972,-57.916,250.13,55.555,3,0
53661,-1.166,-0.43,1.535,-50.534,92.092,81.198,0,0
53708,-0.897,-0.425,1.424,9.87,-250.137,72.389,0,0
53755,1.329,-0.463,0.152,45.992,-250.137,-37.374,0,0
53803,1.733,0.159,0.076,21.466,235.786,-114.679,2,0
53850,-0.487,0.226,0.617,-53.679,250.13,-36.847,0,0
53897,-1.675,0.19,1.87,-46.176,526.899,64.382,7,0
53945,-0.962,-0.441,1.109,5.765,-250.137,70.099,0,0
54048,1.218,0.419,0.285,-22.606,250.13,-94.191,0,0
54099,-1.407,-0.329,1.782,-82.985,133.573,69.595,0,0
54147,-1.282,-0.582,1.282,15.334,-250.137,101.985,4,0
54194,1.197,-0.533,-0.191,23.832,-250.137,-87.954,0,0
54242,1.82,0.571,0.313,-4.489,206.153,-77.13,0,0
54289,-0.884,0.231,1.379,-85.198,250.13,25.198,1,0
54336,-1.389,-0.628,1.823,-22.939,-227.595,125.977,0,0
54383,0.834,-0.775,0.395,48.237,-250.137,-0.797,4,0
54431,1.879,0.174,0.109,28.824,138.313,-129.855,2,0
54478,-0.429,0.187,0.437,-53.634,250.13,-40.129,0,0
54546,-1.302,-0.432,1.826,-48.969,-9.296,107.191,1,0
54594,0.964,-0.783,0.324,56.603,-250.137,-32.611,0,0
54641,1.531,0.284,0.212,29.481,164.779,-136.359,0,0
54688,-0.451,0.324,1.355,-65.061,250.13,118.202,4,0
54736,-1.393,-0.421,2.0,-58.061,-114.366,114.214,0,0
54784,-0.294,-1.001,0.455,12.412,-250.137,42.0,0,0
54831,1.42,0.082,0.06,47.084,-104.458,-165.962,0,0
54879,0.762,0.2,0.406,-38.687,227.901,-189.318,0,0
54926,-0.691,-0.323,1.444,-75.779,130.244,69.466,0,0
54976,0.18,-0.922,0.834,20.466,-158.649,68.542,0,0
55024,1.435,0.077,0.298,76.061,88.908,-135.557,2,0
55071,-0.197,0.55,0.531,-49.87,250.13,-26.74,4,0
55118,-1.788,-0.524,2.0,-77.26,-96.076,90.84,0,0
55166,-0.859,-0.839,0.705,5.427,-250.137,-1.504,1,0
55214,2.0,1.397,-0.431,83.824,-173.084,-184.626,1,0
55262,1.023,0.439,-0.324,-65.931,250.13,-15.376,1,0
55309,-1.256,-0.05,1.337,-107.588,250.13,93.298,1,0
55356,-1.514,-0.795,1.789,15.908,-204.466,119.489,2,0
55425,0.639,0.014,0.339,44.84,-218.427,-117.534,3,0
55478,-0.604,0.049,1.319,-64.656,29.473,53.389,1,0
55524,-0.817,-0.661,1.378,-22.053,-250.137,117.832,0,0
55571,1.776,-0.508,-0.541,92.588,-216.16,-112.031,5,5
55617,1.763,0.06,-0.392,7.405,250.13,-70.664,0,0
55663,-0.779,0.23,0.536,-86.046,250.13,-85.3,0,0
55709,-1.703,-0.425,2.0,-54.244,-65.976,107.58,0,0
55756,-0.762,-0.712,1.102,32.724,-250.137,65.5,2,0
55802,1.332,0.094,-0.265,35.466,-82.45,-184.611,0,0
55852,0.424,0.185,0.476,-55.466,236.809,-35.928,0,0
55898,-1.086,-0.31,1.808,-89.687,104.758,109.573,3,0
55945,-0.468,-1.188,0.649,-7.443,-250.137,74.366,0,0
55991,1.763,0.164,-0.059,61.16,-60.061,-166.878,0,0
56037,0.865,0.055,0.065,-28.618,250.13,-48.603,2,0
56084,-1.179,-0.049,1.404,-94.26,250.13,65.191,6,0
56130,-1.197,-0.522,1.745,-21.947,-250.137,136.924,3,0
56177,1.211,-0.537,-0.026,78.443,-198.931,-156.855,3,0
56223,1.374,0.742,0.344,-10.696,219.954,-79.718,0,0
56272,-0.992,0.004,1.512,-92.382,181.122,91.504,1,0
56320,-0.784,-0.851,1.215,-29.046,-250.137,136.679,4,0
56366,0.874,0.013,0.411,70.412,-37.702,-149.198,0,0
56413,0.541,0.33,1.088,-19.58,166.817,-41.26,5,0
56515,-0.44,-0.506,1.145,21.267,-39.58,-9.063,0,0
56562,0.412,0.062,0.585,13.397,-42.26,-30.344,0,0
56609,0.298,-0.172,0.852,-6.833,40.573,6.085,0,0
56655,-0.143,-0.272,1.144,-4.033,34.023,4.922,0,0
56701,0.188,-0.065,1.018,9.679,20.918,3.455,1,0
56751,0.288,-0.07,0.756,-5.894,39.962,-19.822,0,0
56798,0.159,-0.061,0.873,3.383,101.962,-9.419,1,0
56844,0.224,-0.069,1.078,8.82,116.496,12.702,4,0
56891,-0.271,-0.039,0.917,-6.251,126.527,9.256,2,0
56937,-1.149,-0.21,1.368,-35.206,-153.131,31.962,0,0
56984,-1.048,-0.404,1.284,-26.489,-250.137,22.725,0,0
57030,0.678,-0.623,0.01,40.908,-250.137,-53.794,0,0
57077,2.0,0.377,0.005,15.954,-218.205,-37.29,0,0
57123,0.615,0.057,0.17,-62.992,250.13,8.901,2,0
57191,-1.143,-0.126,1.146,-77.634,250.13,43.267,0,0
57237,-1.052,-0.556,1.491,12.55,-250.137,73.351,5,0
57284,0.976,-0.563,-0.079,71.763,-239.534,-96.58,0,0
57331,1.502,0.419,0.169,-9.863,169.069,-15.904,0,0
57377,-0.541,0.01,1.018,-85.191,250.13,47.718,5,0
57424,-1.401,-0.503,1.858,-19.733,-115.565,116.595,3,0
57472,-0.138,-0.64,0.788,34.107,-250.137,21.481,2,0
57518,1.502,0.186,0.064,53.13,-56.74,-119.687,0,0
57565,0.769,0.178,0.335,-25.008,250.13,-18.684,1,0
57614,-0.856,-0.03,1.27,-55.832,245.031,33.718,5,0
57661,-1.129,-0.546,1.482,12.817,-164.618,39.0,1,0
57708,0.246,-0.004,0.892,23.122,-227.588,-74.076,3,0
57754,1.347,0.159,0.383,4.504,-283.167,-52.221,0,0
57801,0.117,-0.119,0.713,-29.702,234.107,-19.961,0,0
57848,-0.598,-0.3,1.306,-21.573,128.634,8.968,0,0
57894,-0.677,-0.268,1.248,11.244,-74.656,-0.308,0,0
57942,-0.237,-0.201,0.705,-8.207,-151.687,-8.024,0,0
57989,0.376,-0.193,0.752,-0.199,-67.389,13.735,0,0
58055,0.317,-0.023,0.961,4.203,28.817,19.563,2,0
58102,-0.057,-0.324,0.779,-3.244,62.718,-10.768,0,0
58149,0.124,-0.062,1.038,-0.243,78.305,-1.57,2,0
58195,-0.105,-0.2,0.954,-3.829,64.832,-1.381,0,0
58243,-0.043,-0.071,1.03,10.15,45.206,1.085,3,0
58290,-0.138,-0.132,1.048,12.076,45.076,-10.06,0,0
58336,-0.809,-0.038,0.368,20.061,80.153,-85.499,5,5
58383,-0.872,-0.004,1.291,-31.397,-3.396,33.092,0,0
58430,-0.81,-0.392,1.212,-37.687,-242.748,68.886,0,0
58480,0.688,-0.625,0.354,31.427,-250.137,15.994,1,0
58527,1.674,0.348,0.292,20.344,49.237,-78.26,3,0
58573,0.028,0.039,0.234,-51.779,250.13,-51.527,0,0
58620,-1.547,-0.28,1.391,-72.992,247.13,28.183,3,0
58668,-1.672,-0.417,1.704,-32.885,-250.137,76.458,0,0
58715,-0.02,-0.657,0.237,-21.115,-250.137,-1.928,0,0
58762,2.0,0.504,0.08,55.214,-42.832,-123.985,2,0
58809,0.475,0.305,0.4,-39.824,250.13,-19.637,0,0
58856,-0.954,-0.436,1.308,-57.87,178.947,60.466,0,0
58962,0.648,-0.138,0.51,25.924,-139.282,-80.038,0,0
59010,0.517,0.1,1.129,-22.977,130.031,73.412,5,0
59057,-0.354,-0.265,1.324,-2.36,95.802,23.435,1,0
59104,-0.38,-0.478,1.054,24.092,-51.328,-15.248,0,0
59151,0.265,0.067,0.905,6.821,-1.267,-7.462,1,0
59198,0.171,-0.154,0.969,-1.437,29.229,4.911,1,0
59245,-0.048,-0.194,1.056,3.675,10.012,4.407,0,0
59292,-0.085,-0.273,0.85,-0.921,-47.983,-1.227,0,0
59338,0.232,-0.126,0.926,4.158,8.573,-1.148,1,0
59388,0.082,-0.252,0.854,-3.176,38.053,-5.1,0,0
59436,-0.08,-0.245,0.838,-5.049,69.527,-11.728,0,0
59483,0.035,-0.094,1.103,3.668,46.656,5.205,2,0
59530,-0.409,0.055,1.149,16.878,82.735,13.063,5,0
59577,-0.248,-0.048,0.642,-13.649,-94.359,-70.187,0,0
59624,-0.347,0.087,1.002,-18.893,-147.107,31.84,5,0
59671,0.371,-0.406,1.154,-3.108,-250.137,60.573,3,0
59718,1.448,-0.232,0.28,68.206,-131.305,14.628,2,0
59766,1.378,0.133,0.156,8.405,250.13,-67.71,0,0
59834,-0.493,0.125,0.721,-49.023,250.13,-16.21,0,0
59881,-1.534,-0.063,1.926,-42.237,-148.809,56.954,3,0
59928,-0.197,-0.658,0.398,-17.496,-250.137,-4.518,0,0
59975,1.731,0.073,0.042,38.504,-1.591,-111.069,3,0
60022,0.469,0.229,0.3,-40.038,250.13,-29.19,0,0
60069,-1.133,-0.417,1.38,-71.023,195.565,59.817,0,0
60118,-1.057,-0.441,1.569,-8.533,-250.137,74.237,0,0
60165,0.945,-0.436,0.267,45.962,-228.481,-78.718,0,0
60212,1.444,0.388,0.278,10.42,187.824,-84.237,0,0
60262,-1.028,0.221,1.182,-82.214,250.13,48.702,0,0
60309,-1.504,-0.438,2.0,-59.466,-237.244,137.237,0,0
60357,-0.235,-1.176,0.149,22.168,-250.137,-17.179,0,0
60404,2.0,0.484,0.022,52.962,-233.005,-172.466,0,0
60451,0.298,0.306,0.363,-56.244,250.13,-16.095,1,0
60498,-1.228,-0.422,1.617,-88.863,119.748,82.42,0,0
60546,-1.09,-0.693,1.528,-5.373,-250.137,78.321,1,0
60593,1.395,0.037,-0.197,75.786,-192.756,-187.55,0,0
60636,1.223,0.106,-0.01,-80.669,250.13,-68.886,113,0
60700,-0.966,0.072,1.024,-83.756,250.13,27.473,0,0
60747,-1.561,-0.485,1.922,-28.41,-237.954,101.924,0,0
60794,0.401,-0.825,0.126,43.137,-250.137,-62.84,0,0
60843,2.0,0.757,0.189,40.924,31.382,-116.634,0,0
60890,-0.604,0.215,0.33,-51.87,250.13,-208.077,5,5
60937,-1.355,-0.458,1.609,-68.901,126.466,97.878,0,0
60984,-1.066,-0.495,1.45,23.232,-250.137,105.206,2,0
61032,1.219,0.1,-0.051,75.0,-205.573,-139.427,6,0
61079,1.237,0.371,0.0,-9.019,242.458,-52.092,0,0
61130,-1.103,-0.047,1.279,-106.664,250.13,64.076,1,0
61177,-1.33,-0.464,1.848,-40.748,-246.084,137.656,0,0
61225,0.567,-1.0,0.292,76.87,-250.137,-102.176,1,0
61273,2.0,1.09,0.275,34.16,105.756,-109.374,1,0
61320,-0.223,0.352,0.351,-78.351,250.13,39.806,3,0
61424,-1.562,-0.741,1.407,6.125,-250.137,90.695,3,0
61472,2.0,0.545,-0.745,100.542,-160.435,-209.511,3,0
61519,0.76,0.513,0.007,-40.374,250.13,-35.136,0,0
61571,-1.334,-0.504,1.387,-117.16,250.13,94.847,0,0
61619,-1.539,-0.833,1.668,-17.646,-250.137,95.519,0,0
61666,0.823,-0.218,0.25,49.832,-250.137,-156.634,0,0
61733,1.292,0.33,0.066,-29.603,216.695,-36.656,0,0
61779,-1.286,0.014,1.365,-101.977,213.901,85.817,3,0
61826,-1.398,-0.55,1.731,-28.29,-250.137,118.687,0,0
61873,0.849,-0.715,0.17,60.962,-250.137,-125.137,0,0
61919,2.0,0.671,-0.138,9.702,130.74,-73.443,0,0
61965,-0.215,0.191,0.444,-92.595,250.13,-21.248,0,0
62015,-1.764,-0.526,2.0,-56.122,-121.708,126.267,0,0
62061,-0.87,-0.748,0.877,28.344,-250.137,52.786,0,0
62107,1.408,0.01,-0.349,64.443,-162.29,-166.802,0,0
62154,0.854,0.407,0.156,-26.145,250.13,-218.113,0,0
62200,-1.007,-0.102,1.411,-101.244,221.626,87.931,1,0
62247,-1.085,-0.606,1.705,48.961,-250.137,132.763,3,0
62294,1.087,-0.519,0.141,96.641,-185.298,-149.053,4,0
62340,1.507,0.78,0.114,20.42,250.13,-114.534,0,0
62387,-0.935,0.36,1.051,-93.901,250.13,32.267,1,0
62436,-1.343,-0.381,1.982,-78.046,-185.191,132.74,0,0
62483,-0.201,-1.385,0.201,50.733,-250.137,-79.542,0,0
62529,1.628,0.84,0.292,42.718,60.618,-185.466,2,0
62575,-0.201,0.324,0.5,-60.496,250.13,23.382,0,0
62622,-1.42,-0.039,1.954,-90.427,4.759,148.855,2,0
62668,-0.866,-1.079,0.896,-1.701,-250.137,104.198,0,0
62715,1.498,0.217,-0.116,81.435,-120.649,-234.931,2,0
62761,0.998,0.304,-0.079,-26.496,250.13,-58.916,0,0
62809,-1.29,0.04,1.013,-102.588,250.13,68.405,0,0
62875,-1.623,-0.429,1.958,-41.901,-200.0,147.42,0,0
62922,0.807,-0.179,0.072,68.473,-250.137,-165.481,0,0
62968,1.766,0.902,0.344,-35.533,132.328,-61.832,0,0
63015,-0.625,0.159,1.1,-98.275,250.13,46.244,0,0
63062,-1.133,-0.476,1.605,-36.412,-101.076,101.237,5,5
63109,0.064,-0.209,1.097,30.305,-250.137,35.247,3,0
63156,1.01,0.259,0.354,5.427,-103.282,-67.038,1,0
63202,0.632,0.007,0.851,-29.649,125.626,32.689,2,0
63249,0.06,-0.193,1.178,-8.234,125.443,28.983,2,0
63298,-0.236,-0.12,1.126,17.687,-5.244,-16.168,0,0
63345,0.14,0.025,1.065,5.701,9.197,-2.847,2,0
63391,0.071,-0.167,0.937,-12.268,-11.329,1.893,0,0
63438,-0.04,-0.345,0.841,-8.137,-27.802,-3.987,0,0
63484,-0.006,-0.031,0.999,-8.297,-20.49,-6.41,0,0
63532,0.193,-0.033,0.975,-2.27,20.417,-1.613,1,0
63578,0.31,0.195,1.226,3.472,26.427,2.116,6,0
63625,0.145,0.057,1.006,0.616,39.437,-0.533,3,0
63671,-0.147,-0.4,1.011,-10.18,-18.042,-9.274,0,0
63738,0.127,0.103,1.04,4.352,15.701,4.406,3,0
63785,0.065,-0.05,1.009,-1.236,1.633,-2.203,1,0
63889,0.19,0.095,1.069,2.599,8.707,0.506,3,0
63935,0.108,-0.034,0.938,0.227,32.113,-9.864,1,0
63982,-0.359,0.046,1.101,-25.641,24.208,19.148,3,0
64029,-0.729,-0.254,1.508,-14.974,-238.298,23.031,0,0
64076,0.595,-0.452,0.4,40.847,-250.137,-31.504,2,0
64122,1.727,0.109,0.135,19.099,45.573,-28.374,0,0
64169,0.394,0.08,0.542,-31.916,250.13,-8.19,1,0
64220,-0.9,-0.209,1.383,-32.389,153.198,16.768,0,0
64266,-0.47,-0.338,1.289,4.229,-192.794,23.664,0,0
64313,0.721,-0.123,0.509,19.641,-174.16,4.247,1,0
64360,0.904,0.038,0.409,-6.295,63.038,-11.89,0,0
64406,0.367,-0.044,1.042,-24.214,145.046,17.391,3,0
64453,-0.315,-0.355,1.174,-12.214,33.748,-10.187,0,0
64500,-0.004,-0.046,1.017,-7.819,-39.733,-14.664,0,0
64547,0.287,-0.081,0.939,-5.03,-10.056,3.846,1,0
64593,0.326,-0.065,1.086,2.017,16.985,14.101,2,0
64661,0.306,-0.004,1.01,5.248,11.532,10.158,2,0
64708,0.231,-0.216,0.865,-0.531,-8.414,0.753,0,0
64754,0.244,-0.477,0.621,-7.96,-8.663,-11.325,5,5
64801,0.202,-0.102,1.015,-3.274,13.527,2.358,1,0
64848,0.171,-0.095,1.0,0.103,1.512,2.579,0,0
64896,0.305,-0.044,1.044,0.793,1.945,3.992,2,0
64942,0.219,-0.046,1.008,-1.909,9.069,4.954,1,0
64989,0.332,-0.267,1.052,-5.706,-43.031,-5.548,0,0
65036,0.64,0.007,1.031,21.542,41.031,-44.45,3,0
65083,0.327,0.046,0.713,-13.008,163.176,-59.397,0,0
65156,-0.896,-0.072,1.12,-28.55,111.137,7.712,1,0
65205,-1.059,-0.387,1.196,-21.555,-250.137,86.939,5,5
65272,1.018,-0.595,-0.038,70.58,-250.137,3.867,0,0
65321,1.373,0.307,0.113,-3.519,250.13,-32.092,1,0
65388,-0.303,-0.041,0.813,-52.176,250.13,-11.095,0,0
65438,-1.044,-0.22,1.504,4.824,-73.191,17.758,4,0
65505,-0.046,-0.128,0.816,1.839,-241.771,-17.597,0,0
65554,0.849,0.026,0.788,5.176,121.261,6.641,2,0
65604,0.282,-0.063,0.864,-17.382,141.542,4.887,0,0
65656,-0.235,0.101,1.179,6.266,55.969,10.954,4,0
65723,-0.207,-0.069,1.022,-5.674,-35.779,-21.961,0,0
65773,0.168,-0.127,0.864,-2.722,-25.092,12.125,0,0
65840,0.206,-0.06,1.005,5.116,3.06,16.849,1,0
65889,0.248,-0.027,1.027,2.966,31.083,10.196,2,0
65955,0.323,-0.091,1.024,9.069,30.519,-10.197,0,0
66006,-0.012,0.047,0.833,10.84,116.87,-41.048,0,0
66072,-0.606,0.031,1.113,0.335,60.084,29.618,1,0
66122,-0.318,-0.52,0.999,-33.17,-250.137,68.389,0,0
66192,1.115,-0.008,0.398,47.618,-141.626,-1.697,3,0
66242,0.588,0.156,0.541,-19.87,250.13,-49.359,4,0
66309,-0.638,0.028,0.937,-34.733,250.13,-12.843,2,0
66359,-1.086,-0.192,1.525,-37.489,-192.954,27.695,0,0
66425,0.297,-0.51,0.59,-14.494,-250.137,-16.156,0,0
66476,1.213,0.207,0.308,18.792,146.847,-36.817,4,0
