Timestamp(ms),AccelX(g),AccelY(g),AccelZ(g),GyroX(deg/s),GyroY(deg/s),GyroZ(deg/s),DistanceLeft(cm),DistanceRight(cm)
37765,0.856,-0.229,0.464,-6.126,-2.316,-2.553,44,55
37808,0.87,-0.28,0.445,-16.593,-5.567,-2.381,45,56
37851,0.914,-0.3,0.529,-19.164,-12.259,-4.757,44,57
37894,0.879,-0.236,0.439,-12.481,-15.757,-5.232,44,56
37936,0.861,-0.294,0.516,-13.565,-11.037,-0.235,45,54
37979,0.859,-0.271,0.449,-7.945,-19.91,-3.896,42,54
38022,0.865,-0.272,0.418,-11.53,-23.697,-5.546,43,53
38067,0.87,-0.245,0.373,-5.14,-24.963,-4.984,42,53
38110,0.876,-0.272,0.388,-2.483,-13.806,-4.362,43,53
38153,0.862,-0.256,0.32,-1.884,-26.274,-3.764,44,52
38195,0.896,-0.28,0.313,-9.066,-17.624,-2.705,45,52
38238,0.875,-0.295,0.314,-0.0,-10.452,-0.69,43,52
38281,0.892,-0.243,0.347,-6.692,-2.121,-0.727,43,52
38323,0.872,-0.306,0.311,2.804,-3.749,-0.149,43,53
38366,0.885,-0.239,0.318,2.772,6.298,-0.147,45,53
38409,0.87,-0.314,0.359,2.918,12.727,-1.498,44,52
38454,0.867,-0.344,0.326,16.26,25.013,-4.219,45,53
38497,0.909,-0.3,0.326,12.954,30.45,-17.763,46,52
38540,0.824,-0.361,0.341,31.595,46.58,-19.382,45,51
38583,0.792,-0.216,0.336,15.756,62.336,-22.71,47,57
38626,0.789,-0.42,0.464,35.55,90.145,-30.641,49,50
38669,0.79,-0.021,0.299,32.008,110.366,-27.328,50,50
38712,0.816,-0.194,0.561,-28.427,129.458,-62.176,53,49
38755,0.784,-0.195,0.619,-5.346,158.115,-65.473,54,48
38803,0.567,-0.207,0.791,1.766,174.221,-76.634,127,50
38849,0.419,-0.05,0.932,16.038,165.031,-80.588,62,46
38890,0.205,-0.016,0.928,18.137,153.183,-102.962,24,44
38935,-0.054,0.104,1.094,10.303,137.672,-90.771,77,41
38976,-0.183,0.249,1.054,21.908,83.168,-76.122,30,44
39018,-0.014,0.136,1.293,24.214,57.878,-56.359,30,43
39060,-0.112,0.246,1.072,72.344,44.385,-44.664,30,43
39103,0.145,0.468,0.987,44.931,12.206,-21.985,30,85
39147,0.109,0.126,1.062,-2.286,18.167,-20.313,29,87
39189,0.169,0.288,0.959,32.779,38.211,-19.618,30,38
39233,0.038,0.237,0.928,-3.397,31.137,-25.473,31,39
39275,-0.014,0.183,0.912,7.446,38.893,-29.634,31,41
39316,-0.105,0.142,1.015,52.374,32.313,-36.382,33,37
39358,-0.052,0.42,0.888,25.176,31.008,-27.015,33,40
39409,-0.247,0.313,1.058,30.698,44.17,-20.244,0,37
39463,-0.177,0.635,0.997,29.519,-10.588,7.571,0,36
39505,-0.049,0.323,1.186,-15.115,-6.538,7.492,34,37
39546,0.001,0.319,0.903,7.948,-0.557,4.832,33,38
39587,-0.15,0.204,0.937,-19.794,-2.916,1.243,33,36
39632,-0.129,0.13,1.053,38.786,-3.25,-3.474,33,37
39674,-0.115,0.397,0.976,23.366,-1.398,-1.354,34,39
39715,-0.082,0.222,0.983,38.977,-7.066,0.204,35,37
39757,-0.088,0.453,0.919,25.779,-5.852,1.854,34,38
39801,-0.081,0.42,0.939,19.489,-2.938,2.258,33,82
39845,-0.091,0.265,0.945,37.71,-6.795,-0.695,33,83
39890,-0.08,0.455,0.915,29.557,-5.22,1.996,38,83
39984,-0.05,0.561,0.856,40.527,-6.189,3.389,36,0
40039,-0.07,0.487,0.887,16.748,-3.2,0.452,36,0
40093,-0.076,0.597,0.839,5.731,-1.06,1.17,36,0
40147,-0.05,0.479,0.906,-4.65,-0.633,-0.215,38,0
40199,-0.073,0.491,0.888,10.461,-1.623,-0.23,39,0
40254,-0.072,0.455,0.904,19.71,-3.091,-0.811,38,0
40305,-0.057,0.6,0.828,24.153,-4.404,0.193,37,0
40359,-0.064,0.575,0.851,2.207,-3.274,-1.629,37,0
40411,-0.069,0.563,0.844,6.139,-0.872,-0.194,37,0
40471,-0.072,0.516,0.874,5.15,-2.371,-0.21,0,0
40531,-0.061,0.498,0.872,30.863,-4.569,0.168,0,0
40595,-0.062,0.599,0.823,46.45,-7.839,0.428,0,0
40656,-0.047,0.661,0.767,40.573,-7.927,1.125,0,0
40717,-0.046,0.717,0.732,22.58,-3.554,1.187,0,0
40777,-0.034,0.714,0.727,-0.081,-1.762,0.161,0,0
40838,-0.053,0.67,0.753,-9.336,-2.028,-0.902,0,0
40898,-0.046,0.668,0.764,1.795,-1.33,0.041,0,0
40958,-0.042,0.687,0.758,2.544,-0.431,0.274,0,0
41020,-0.03,0.678,0.75,1.791,-0.336,0.375,0,0
41080,-0.045,0.681,0.747,0.337,-2.103,-0.343,0,0
41141,-0.045,0.688,0.743,0.364,-0.763,-0.053,0,0
41204,-0.048,0.687,0.745,1.179,-0.696,-0.426,0,0
41265,-0.04,0.693,0.74,-1.173,-1.273,-0.561,0,0
41326,-0.04,0.686,0.744,-2.56,-0.661,-0.333,0,0
41387,-0.045,0.682,0.751,0.891,-1.031,-0.386,0,0
41447,-0.042,0.693,0.749,1.406,-0.773,0.027,0,0
41507,-0.047,0.693,0.738,-0.838,-0.795,-0.203,0,0
41569,-0.041,0.69,0.746,-1.102,-0.924,-0.246,0,0
41629,-0.046,0.688,0.755,0.704,-0.185,0.284,0,0
41690,-0.039,0.69,0.743,0.048,-0.157,-0.01,0,0
41754,-0.048,0.684,0.744,-1.28,-0.213,0.256,0,0
41815,-0.043,0.685,0.753,-0.524,0.136,0.317,0,0
41875,-0.045,0.691,0.735,-1.681,-0.704,-0.01,0,0
41936,-0.042,0.684,0.75,-2.06,-0.955,-0.313,0,0
41997,-0.049,0.691,0.754,-0.512,-0.744,0.083,0,0
42057,-0.042,0.687,0.747,-0.673,-0.595,-0.133,0,0
42119,-0.042,0.69,0.74,-3.884,-0.524,-0.156,0,0
42179,-0.05,0.69,0.736,-1.858,0.032,0.113,0,0
42240,-0.047,0.667,0.759,-8.392,0.244,-0.215,0,0
42301,-0.047,0.68,0.767,1.642,-0.56,0.368,0,0
42364,-0.049,0.688,0.755,0.599,-0.777,0.016,0,0
42426,-0.046,0.687,0.752,0.333,-0.734,0.505,0,0
42486,-0.043,0.685,0.75,-2.474,-0.691,-0.352,0,0
42547,-0.05,0.682,0.749,-3.14,-0.932,0.077,0,0
42608,-0.044,0.673,0.765,-2.106,-1.066,-0.245,0,0
42669,-0.046,0.692,0.745,-0.51,-1.208,0.086,0,0
42729,-0.049,0.663,0.76,-1.342,-1.129,-0.501,0,0
42790,-0.047,0.699,0.73,0.386,-0.391,0.745,0,0
42851,-0.055,0.655,0.774,-8.233,-4.32,-5.432,0,0
42915,-0.023,0.668,0.797,-3.673,0.43,3.344,0,0
43019,-0.018,0.988,0.922,83.687,-23.046,23.214,0,0
43080,0.021,1.42,0.965,-15.824,-35.168,21.137,0,0
43141,-0.151,0.935,1.054,-26.427,-67.252,54.74,0,0
43202,-0.075,1.098,0.728,-9.816,-93.748,104.336,0,0
43253,0.096,0.785,0.641,-35.153,-98.145,119.672,0,39
43309,0.229,0.589,0.569,-14.321,-98.435,115.45,0,39
43361,0.444,0.534,0.501,7.9,-88.702,110.534,0,36
43416,0.474,0.504,0.367,-7.103,-80.252,97.511,0,37
43464,0.565,0.411,0.358,-34.504,-70.153,89.779,73,43
43514,0.705,0.226,0.404,-30.817,-67.031,84.145,178,39
43558,0.709,0.209,0.345,12.054,-60.069,71.206,59,42
43601,0.772,0.136,0.331,21.435,-56.313,68.626,54,45
43645,0.771,0.175,0.187,30.092,-49.023,72.962,57,48
43689,0.811,0.195,0.138,17.198,-42.473,77.786,54,50
43740,0.918,0.059,0.144,-26.725,-34.908,77.412,162,54
43791,0.893,-0.149,0.173,-16.725,-35.977,73.756,159,58
43841,0.995,-0.241,0.142,4.383,-26.687,59.542,157,59
43894,0.991,-0.161,0.093,1.499,-13.572,36.855,155,61
43945,0.958,-0.235,0.078,-41.42,-11.379,20.603,153,64
43996,0.961,-0.317,0.115,-30.626,-6.465,2.738,152,67
44047,1.01,-0.229,0.113,-9.813,3.785,4.476,152,71
44098,0.97,-0.207,0.158,-12.214,5.081,4.097,152,66
44154,0.962,-0.183,0.176,-1.451,6.886,2.368,152,66
44204,0.991,-0.137,0.217,-0.542,5.335,-1.87,151,65
44253,0.97,-0.174,0.284,-3.414,7.117,-2.004,152,66
44303,0.956,-0.167,0.258,-15.008,1.087,-13.605,152,64
44355,0.904,-0.237,0.302,-12.466,-4.736,-14.498,153,71
44405,0.937,-0.266,0.309,-1.006,-9.231,-20.076,154,67
44454,0.877,-0.291,0.262,4.963,-17.984,-30.771,155,68
44505,0.925,-0.093,0.159,-24.947,-8.517,-47.611,157,60
44554,0.822,-0.198,0.144,-80.893,-9.858,-64.015,160,57
44598,0.919,-0.045,0.113,-56.527,-2.676,-81.664,51,57
44642,0.939,0.076,0.09,-77.252,7.604,-93.969,57,60
44688,0.88,0.107,0.095,-102.382,15.473,-91.687,58,103
44734,0.777,0.043,0.184,-86.336,13.596,-82.893,66,99
44791,0.745,0.079,0.209,-40.802,3.952,-75.42,0,99
44845,0.876,0.397,0.253,0.28,26.466,-109.702,0,88
44898,0.728,0.484,0.257,-7.766,27.305,-123.847,0,85
44952,0.605,0.758,0.216,31.687,25.664,-114.863,0,82
45005,0.637,1.071,0.153,-56.229,29.519,-75.26,0,81
45058,0.644,0.627,0.489,-33.504,30.42,-58.229,0,74
45116,0.556,0.82,0.398,1.712,30.212,-47.802,0,109
45176,0.572,0.723,0.522,20.698,27.153,-55.977,0,0
45236,0.602,0.903,0.433,-37.588,41.053,-73.29,0,0
45299,0.359,0.673,0.602,-19.826,41.092,-73.221,0,0
45360,0.314,0.951,0.535,-62.763,34.878,-58.71,0,0
45419,0.326,0.777,0.657,17.366,26.175,-44.489,0,0
45479,0.386,1.072,0.521,-19.481,26.87,-45.794,0,0
45540,0.29,0.744,0.677,0.851,28.695,-58.908,0,0
45599,0.115,0.906,0.6,18.031,25.967,-47.71,0,0
45703,0.031,0.825,0.601,-28.313,23.641,-37.74,0,0
45763,0.002,0.804,0.606,0.072,25.503,-28.466,0,0
45824,-0.01,0.84,0.622,1.195,20.787,-24.267,0,0
45886,-0.082,0.834,0.714,1.364,9.19,-6.252,0,0
45946,-0.008,0.929,0.639,-13.061,-3.273,5.5,0,0
46007,-0.018,0.799,0.62,1.882,-0.352,3.034,0,0
46066,-0.047,0.874,0.641,9.118,-2.802,10.418,0,0
46127,-0.043,1.011,0.755,32.58,-19.655,6.248,0,0
46177,-0.019,1.152,0.74,1.562,-25.198,34.618,0,16
46240,0.056,1.086,0.686,-3.067,-30.527,47.618,0,0
46289,0.002,1.111,0.646,26.901,-45.168,64.443,0,16
46354,0.057,1.037,0.618,-14.763,-50.58,86.137,0,0
46417,0.183,0.903,0.522,19.153,-62.298,110.183,0,0
46478,0.306,0.741,0.478,13.038,-62.038,113.244,0,0
46533,0.426,0.597,0.338,35.763,-52.565,106.084,0,111
46586,0.543,0.451,0.313,69.489,-41.847,96.779,0,84
46641,0.636,0.514,0.178,100.489,-29.496,94.153,0,91
46694,0.72,0.504,0.14,39.0,-7.454,85.351,0,87
46748,0.769,0.553,0.105,-17.305,-2.399,71.412,0,91
46803,0.781,0.493,0.27,-16.366,4.89,69.962,0,107
46851,0.822,0.191,0.203,21.489,-7.881,76.969,70,96
46900,0.869,0.316,0.183,38.443,-5.927,78.267,63,99
46944,0.926,0.327,0.18,38.511,-0.927,73.282,57,66
46988,0.93,0.255,0.243,23.405,2.688,71.45,53,71
47032,0.936,0.123,0.202,26.405,2.738,60.824,49,59
47075,0.913,0.054,0.248,26.695,4.391,60.397,44,56
47118,0.933,-0.019,0.235,25.618,3.184,52.565,41,57
47161,0.965,-0.006,0.279,24.115,7.722,42.954,39,63
47204,0.973,-0.003,0.239,4.741,6.758,29.756,40,60
47247,0.941,-0.099,0.264,-6.173,3.7,24.183,38,61
47293,0.947,-0.072,0.188,-6.648,4.354,6.412,39,63
47336,0.981,-0.009,0.251,-20.351,8.224,16.8,36,62
47379,0.967,-0.132,0.235,-24.794,0.817,4.039,37,67
47423,0.976,-0.07,0.245,10.008,5.551,3.504,36,67
47466,0.991,-0.043,0.185,-9.849,1.137,-6.085,37,68
47509,0.992,-0.037,0.173,6.391,6.481,-6.535,36,67
47553,0.969,0.024,0.143,1.168,15.865,-1.295,34,66
47596,1.015,0.021,0.075,-12.308,9.997,-9.121,36,66
47639,0.994,-0.071,0.086,2.474,17.027,-7.699,37,60
47682,1.027,0.022,-0.005,17.924,37.206,-9.203,36,59
47735,0.961,-0.024,0.032,6.488,51.366,-1.442,163,57
47793,0.872,-0.03,0.082,12.42,74.198,-9.428,161,55
47843,0.83,-0.074,0.178,18.641,89.183,-16.458,162,57
47892,0.765,-0.076,0.321,51.466,100.695,-25.802,164,52
47942,0.669,0.18,0.353,16.155,113.015,-31.168,167,49
47988,0.572,-0.01,0.542,-26.664,115.481,-45.924,120,47
48035,0.515,0.067,0.612,25.0,131.855,-54.87,122,50
48082,0.319,0.164,0.667,9.348,136.13,-65.954,125,50
48133,0.18,0.358,0.769,56.527,139.344,-57.092,127,48
48180,0.034,0.297,0.959,43.634,125.893,-50.626,129,48
48272,-0.06,0.641,1.122,-63.832,111.939,-38.542,162,51
48325,-0.124,0.437,1.246,-3.103,96.282,-26.496,162,116
48381,-0.095,0.466,1.222,-5.909,77.244,-19.046,130,0
48434,-0.223,0.375,1.123,-26.397,64.137,-25.779,0,57
48491,-0.238,0.245,1.135,21.634,39.702,-7.596,0,103
48533,-0.319,0.487,1.275,-17.525,-9.151,0.99,16,57
48587,-0.31,0.438,1.203,-6.484,3.339,14.085,0,105
48645,-0.124,0.217,1.011,-1.752,-8.453,3.459,0,103
48697,-0.147,0.278,0.883,-3.441,-6.048,3.926,0,58
48752,-0.16,0.442,0.915,8.392,6.62,-3.3,0,57
48793,-0.157,0.409,0.946,-6.922,-2.201,0.4,15,56
48834,-0.143,0.304,0.95,-13.633,-0.95,-0.185,16,56
48875,-0.186,0.292,0.97,-7.839,-1.077,-0.055,17,57
48917,-0.173,0.305,0.923,3.201,-2.472,3.825,17,57
48958,-0.153,0.35,0.938,-4.337,-1.617,2.118,17,58
48999,-0.169,0.293,0.933,4.058,-4.73,2.155,17,57
49054,-0.157,0.385,0.96,-1.14,-1.912,1.197,0,57
49110,-0.148,0.263,0.976,1.916,-3.425,1.752,0,57
49150,-0.139,0.457,1.017,13.412,1.962,1.521,17,58
49192,-0.148,0.41,1.064,22.489,-5.185,-0.091,16,59
49233,-0.157,0.582,1.058,-19.412,-0.806,5.094,16,59
49274,-0.22,0.497,1.166,-61.038,-12.426,5.285,14,57
49319,-0.295,0.235,1.33,-45.756,-36.855,14.257,13,108
49371,-0.269,0.498,1.449,-21.16,-61.618,22.649,0,57
49426,-0.313,0.297,1.473,-40.893,-104.137,32.847,0,53
49477,-0.228,0.351,1.474,-3.704,-143.221,43.473,127,50
49524,-0.229,0.239,1.315,-23.336,-179.618,46.565,126,51
49571,-0.207,0.193,1.147,8.583,-207.122,57.237,125,49
49618,-0.138,0.15,0.836,38.061,-231.802,79.595,123,50
49666,0.014,0.14,0.582,55.076,-232.847,88.45,122,45
49716,0.238,0.118,0.287,33.656,-224.534,90.847,168,49
49759,0.357,0.028,0.252,14.258,-203.397,74.588,47,50
49802,0.47,0.006,0.048,-47.366,-189.611,52.718,43,60
49845,0.477,-0.042,-0.049,-64.275,-178.282,22.29,39,58
49898,0.379,-0.246,-0.171,-52.504,-190.908,11.997,158,71
49949,0.533,-0.075,-0.447,-16.695,-187.924,6.593,156,83
49995,0.63,-0.015,-1.035,-19.901,-177.542,-7.115,58,97
50048,0.893,-0.068,-0.96,-76.221,-112.832,-28.053,154,109
50099,0.519,0.096,-0.909,-76.092,-94.023,-54.42,153,79
50150,0.565,0.054,-0.823,-42.939,-105.588,-47.527,153,75
50202,0.612,0.17,-1.048,30.618,-100.099,-12.559,153,105
50252,0.534,0.371,-1.167,-1.133,-80.107,11.046,152,76
50308,0.603,0.113,-1.012,-24.552,-63.687,9.367,151,102
50360,0.549,0.112,-1.04,47.45,-57.695,0.896,151,107
50410,0.528,0.216,-1.054,36.565,-44.435,24.618,151,75
50461,0.451,0.067,-0.996,23.305,-35.74,6.698,151,75
50511,0.38,0.046,-0.959,13.664,-29.221,12.754,150,76
50562,0.478,0.008,-0.955,23.229,-32.588,17.458,150,76
50614,0.371,-0.021,-0.977,23.679,-23.58,7.774,150,108
50665,0.382,0.037,-1.039,-6.328,-21.559,1.383,150,75
50758,0.349,-0.012,-1.06,-11.861,-5.669,-4.582,150,77
50811,0.359,-0.003,-1.075,-10.179,4.291,-3.228,150,75
50863,0.397,0.025,-1.083,-6.059,9.767,-2.315,150,76
50915,0.512,0.078,-1.132,7.102,50.347,-0.245,150,108
50965,0.371,0.14,-1.245,-21.313,35.718,-4.712,150,76
51016,0.352,0.086,-1.234,-32.412,55.885,10.772,150,77
51066,0.386,0.078,-1.251,-6.972,68.153,45.847,150,77
51119,0.55,0.176,-1.178,-22.466,102.252,61.962,150,109
51172,0.641,-0.03,-1.016,-13.924,128.809,32.023,150,111
51224,0.571,-0.005,-0.883,41.954,132.443,5.968,150,112
51279,0.559,0.106,-0.701,32.389,153.573,3.01,150,102
51332,0.624,-0.051,-0.413,21.282,158.679,7.098,151,102
51385,0.714,0.046,-0.249,7.159,157.969,-9.01,152,113
51431,0.733,-0.01,-0.0,-62.13,138.542,-20.826,55,99
51477,0.726,-0.242,0.183,-61.405,97.389,-29.565,46,98
51522,0.767,-0.373,0.416,48.618,69.053,-15.481,51,73
51566,0.808,-0.08,0.323,115.145,42.863,14.141,41,71
51609,0.875,0.126,0.227,82.389,26.229,15.377,39,66
51656,0.951,0.123,0.24,13.42,28.813,18.652,38,63
51699,1.017,-0.023,0.255,-7.506,17.977,6.267,37,62
51742,1.02,-0.06,0.187,-8.929,4.879,-11.776,36,61
51785,1.005,-0.024,0.176,-10.075,8.298,-10.309,37,63
51828,0.977,-0.011,0.184,-10.328,6.271,-12.115,37,62
51872,0.982,0.0,0.196,-9.824,1.332,-8.039,38,61
51915,1.009,0.018,0.167,2.199,0.596,-7.718,37,61
51958,0.97,0.054,0.125,-6.028,-2.107,-9.71,36,61
52001,1.02,0.071,0.105,-3.819,-0.752,-3.487,39,61
52047,1.032,0.031,0.129,-4.687,-1.683,-5.92,41,60
52091,1.003,0.09,0.085,0.624,-2.029,-2.286,36,60
52134,0.998,0.073,0.079,-5.415,0.77,1.526,37,62
52177,1.009,0.041,0.065,-1.603,7.768,10.227,35,61
52220,1.012,0.02,0.036,-17.133,4.432,6.56,34,62
52263,0.985,-0.016,0.02,-22.672,19.781,7.535,33,68
52306,1.034,-0.138,0.088,-16.366,26.466,4.919,33,67
52350,0.99,-0.12,0.07,-9.592,28.489,-5.046,36,63
52393,0.966,-0.151,0.088,12.542,31.214,3.604,36,66
52436,0.984,-0.065,0.006,17.977,40.244,-5.194,36,59
52491,0.953,-0.107,-0.001,-5.943,54.198,-18.82,159,58
52534,0.897,-0.123,0.026,13.802,76.58,-19.496,44,54
52584,0.757,-0.13,0.035,22.992,89.015,-26.863,164,52
52634,0.732,0.038,0.077,26.328,109.084,-36.496,167,48
52681,0.528,0.056,0.146,-19.733,135.031,-42.13,123,44
52729,0.506,0.105,0.324,-16.477,163.382,-50.466,123,44
52776,0.309,0.13,0.685,28.557,185.992,-65.573,126,48
52825,0.041,0.543,0.816,-11.316,184.832,-64.901,129,45
52876,-0.129,0.396,1.304,61.893,149.641,-38.809,131,46
52924,-0.066,0.724,1.283,24.847,116.229,-20.046,132,51
52974,-0.125,0.347,1.349,14.031,82.176,-17.305,162,50
53026,-0.012,0.517,1.212,24.626,62.107,4.56,0,50
53086,0.016,0.228,1.303,36.824,41.626,-3.23,0,117
53185,0.045,0.41,1.011,-0.194,37.878,-8.242,0,115
53230,-0.109,0.385,1.02,9.987,34.237,-27.145,16,102
53274,-0.196,0.414,0.958,-16.412,32.359,-36.443,16,101
53319,-0.263,0.43,1.164,75.786,-26.067,0.584,16,102
53378,-0.049,0.833,0.896,25.656,-4.689,17.769,0,114
53424,0.02,0.389,0.876,12.702,-5.012,4.615,17,114
53479,-0.027,0.504,0.807,-0.765,-6.475,-6.829,5,34
53535,-0.101,0.54,0.877,22.557,1.866,-4.813,0,114
53592,-0.096,0.623,0.899,-8.496,-4.532,2.078,0,115
53647,-0.055,0.485,0.88,-2.263,-0.044,-0.889,0,114
53703,-0.083,0.424,0.935,36.435,-4.876,3.44,0,115
53760,-0.043,0.688,0.832,48.557,-5.031,2.614,0,116
53820,-0.063,0.674,0.872,24.863,-12.548,-1.551,0,0
53879,-0.027,0.827,0.993,-19.924,-16.775,-2.629,0,115
53936,-0.137,0.81,1.163,-36.962,-28.26,15.507,0,113
53991,-0.179,0.812,1.158,-26.366,-58.84,21.038,0,113
54047,-0.164,0.75,1.063,-32.069,-87.382,45.626,0,113
54097,-0.047,0.787,0.954,-28.244,-102.305,62.687,166,50
54152,0.043,0.585,0.976,-30.237,-116.298,70.489,134,47
54199,0.204,0.515,0.945,-45.817,-125.466,83.916,131,46
54247,0.296,0.321,0.934,-24.435,-133.924,71.817,129,50
54294,0.247,0.209,0.721,-21.762,-141.817,67.977,127,49
54343,0.403,0.173,0.54,48.115,-142.954,77.023,126,46
54392,0.486,0.359,0.239,8.986,-123.634,71.489,173,44
54443,0.648,0.078,0.156,-40.656,-109.534,53.412,170,48
54492,0.768,0.068,0.14,-42.336,-87.969,39.557,168,50
54535,0.831,0.079,0.041,-58.763,-71.87,20.786,50,49
54585,0.878,0.025,0.014,-64.573,-61.435,0.705,164,59
54628,0.906,-0.024,-0.025,-67.565,-48.916,12.328,43,57
54671,0.99,-0.068,0.072,-32.366,-43.58,4.645,43,59
54713,1.02,-0.053,0.051,12.504,-35.985,6.531,37,63
54766,1.023,0.119,-0.0,-1.479,-28.725,5.148,161,60
54808,0.991,0.099,-0.006,-23.664,-21.626,4.828,37,60
54850,0.999,0.032,-0.007,-31.13,-14.549,15.958,30,60
54893,1.059,0.016,0.025,-22.328,-2.038,26.322,30,62
54935,1.008,0.04,0.003,-22.0,-5.63,19.244,30,63
54977,1.021,0.006,0.03,-20.733,-3.727,19.153,30,65
55020,0.963,0.013,0.007,-22.496,-0.373,28.137,30,67
55069,1.009,-0.085,0.052,-23.092,3.014,31.42,153,65
55122,1.031,-0.198,0.087,-11.482,1.372,24.679,151,72
55165,1.018,-0.274,0.141,19.733,4.903,15.49,30,73
55208,0.938,-0.229,0.132,26.855,0.223,0.881,29,73
55251,0.948,-0.186,0.118,3.703,3.592,-4.545,24,73
55293,0.971,-0.221,0.175,-19.389,1.534,-28.051,29,73
55344,0.92,-0.286,0.184,-28.893,0.034,-25.725,152,70
55394,0.904,-0.317,0.252,-4.239,-2.09,-34.252,153,64
55437,0.918,-0.279,0.155,1.104,-10.555,-43.878,36,65
55482,0.919,-0.223,0.124,3.959,-9.342,-56.504,76,64
55528,0.839,-0.136,0.069,-26.542,-12.853,-68.931,43,65
55574,0.835,-0.172,0.118,-21.023,-9.941,-78.191,52,106
55664,0.792,0.11,0.082,7.769,-0.27,-121.771,75,97
55717,0.707,0.327,0.031,-14.82,-0.91,-136.344,178,90
55771,0.698,0.714,-0.0,-26.695,6.858,-145.496,0,85
55825,0.691,0.834,0.11,-101.198,29.634,-132.107,0,84
55878,0.529,0.661,0.36,-88.366,29.962,-101.366,0,78
55939,0.468,0.731,0.385,20.527,-4.686,-74.969,0,0
55998,0.622,1.123,0.27,44.374,-13.254,-77.794,0,0
56061,0.585,1.418,0.05,-51.947,2.838,-57.649,0,0
56122,0.531,0.921,0.283,-119.985,27.809,-46.366,0,0
56182,0.466,0.75,0.469,-77.107,27.412,-47.718,0,0
56242,0.374,0.88,0.427,-29.969,12.025,-50.733,0,0
56302,0.373,0.795,0.578,-9.537,19.941,-49.542,0,0
56363,0.284,0.916,0.491,52.969,5.742,-32.557,0,0
56412,0.286,1.097,0.35,16.817,13.722,-17.878,0,16
56462,0.26,0.882,0.349,-35.771,10.076,-18.931,0,16
56515,0.286,0.864,0.484,-33.061,15.133,-19.748,0,17
56568,0.247,0.823,0.552,3.053,10.983,-28.344,0,16
56622,0.196,0.99,0.436,-19.885,13.749,-29.557,0,17
56674,0.165,0.825,0.519,-17.763,14.977,-24.397,58,0
56723,0.139,0.845,0.532,-1.929,9.006,-22.0,0,17
56787,0.126,0.885,0.511,7.117,14.718,-20.214,0,0
56843,0.089,0.913,0.505,0.959,16.339,-21.397,57,0
56884,0.04,0.858,0.548,-9.342,15.372,-19.084,58,10
56944,0.023,0.857,0.544,12.076,14.556,0.166,0,0
57000,0.033,0.936,0.55,-5.248,5.949,-8.845,58,0
57041,0.016,0.899,0.539,3.536,1.887,-6.476,58,5
57094,0.024,0.923,0.519,-6.698,0.841,-1.947,0,8
57135,0.029,0.859,0.53,-3.252,0.931,-1.463,58,7
57184,0.037,0.839,0.522,9.269,2.867,-1.094,0,10
57244,0.015,0.887,0.44,-1.228,2.379,-6.055,0,0
57299,0.028,0.85,0.432,0.434,3.954,-9.413,57,0
57360,0.002,0.84,0.521,-3.715,9.004,-9.65,0,0
57420,-0.036,0.88,0.563,9.345,8.242,-7.735,0,0
57481,-0.017,0.851,0.619,6.099,1.565,13.364,0,0
57541,-0.026,0.957,0.542,-7.017,-3.279,-7.801,0,0
57596,-0.098,0.954,0.739,-2.407,-9.105,18.141,59,0
57652,-0.032,1.145,0.72,8.86,-33.015,35.0,58,0
57705,0.008,1.243,0.667,1.127,-43.977,49.656,58,0
57754,0.069,1.258,0.625,5.516,-56.756,74.786,0,16
57819,0.107,1.183,0.519,7.87,-57.527,97.481,0,0
57879,0.171,0.989,0.473,23.725,-62.771,125.29,0,0
57933,0.229,0.909,0.24,28.969,-61.511,150.695,5,30
57989,0.383,0.718,0.214,20.771,-49.076,149.221,0,108
58044,0.583,0.551,0.242,24.695,-31.847,133.931,0,108
58101,0.599,0.363,0.186,3.1,-27.948,114.809,0,89
58156,0.667,0.162,0.192,15.023,-37.505,103.74,0,96
58211,0.738,0.049,0.262,60.282,-25.718,103.55,0,98
58258,0.852,0.041,0.182,84.878,-24.969,96.122,66,101
58305,0.969,0.116,0.097,102.695,-15.012,72.756,58,103
58351,0.967,0.194,0.065,61.916,0.405,60.908,53,106
58438,0.918,0.0,0.122,-1.735,7.615,59.359,46,66
58489,0.959,-0.093,0.163,-0.237,5.896,54.939,160,67
58540,0.994,-0.129,0.171,14.168,3.119,43.733,158,62
58593,0.983,-0.154,0.176,13.662,4.961,25.336,157,65
58644,0.96,-0.142,0.18,14.16,3.973,4.581,156,68
58694,0.977,-0.115,0.141,12.093,9.501,9.048,156,69
58738,0.98,-0.117,0.142,-13.519,10.642,1.497,36,69
58788,0.98,-0.142,0.129,-17.282,6.68,-11.012,156,69
58832,0.989,-0.118,0.128,-8.185,13.846,-14.255,37,68
58876,0.973,-0.105,0.1,-11.529,-1.275,-28.48,12,20
58927,0.982,-0.062,0.04,0.32,21.726,-14.425,158,66
58971,1.002,-0.048,0.019,4.426,31.71,-18.161,40,66
59026,1.025,0.009,-0.057,7.07,48.092,-17.863,0,63
59077,0.974,-0.001,0.004,5.338,70.328,-23.107,165,58
59120,0.83,-0.062,0.024,17.153,88.817,-22.58,48,52
59170,0.842,0.028,0.102,35.832,105.908,-27.137,167,48
59220,0.623,-0.021,0.132,37.405,118.015,-31.26,171,45
59271,0.545,0.067,0.163,57.725,136.855,-32.802,174,42
59319,0.52,0.493,0.282,95.176,180.405,-50.527,127,47
59367,0.278,0.579,0.604,-58.908,197.458,-65.435,130,49
59415,-0.024,0.436,1.18,-62.626,187.771,-40.473,131,45
59466,-0.2,0.144,1.536,-20.916,137.634,-19.527,131,46
59514,-0.36,0.36,1.355,72.931,90.0,-2.81,132,51
59564,-0.18,0.548,1.128,26.817,55.74,40.115,131,50
59611,-0.007,0.41,1.224,30.344,45.183,36.702,130,46
59659,0.021,0.439,1.093,-8.4,40.313,10.984,128,57
59712,0.103,0.157,1.073,-14.763,36.855,5.776,0,57
59771,0.032,0.13,1.057,8.662,49.863,-17.863,0,119
59816,-0.076,0.285,0.981,31.809,50.565,-25.679,12,118
59873,-0.315,0.393,1.293,44.313,20.662,9.058,0,117
59921,-0.087,0.97,1.068,-37.321,8.065,10.467,16,109
59966,-0.071,0.223,1.029,-66.489,-3.506,2.738,13,108
60008,-0.025,0.113,0.86,13.267,-5.12,0.908,17,63
60053,-0.12,0.322,0.788,29.008,2.654,2.771,19,108
60098,-0.126,0.424,1.126,-3.843,1.847,1.451,17,110
60143,-0.11,0.332,1.034,19.061,-5.525,0.505,16,110
60199,-0.044,0.418,0.808,19.046,-4.876,1.311,0,117
60253,-0.111,0.428,1.006,-1.273,-2.004,-0.63,0,60
60309,-0.07,0.369,0.902,-4.486,-1.013,-0.606,0,59
60365,-0.094,0.35,0.945,3.054,-1.545,-0.129,0,60
60422,-0.09,0.404,0.943,-0.693,-0.438,0.26,0,60
60474,-0.088,0.368,0.931,2.165,-1.677,0.437,0,61
60533,-0.096,0.379,0.925,5.837,-1.979,1.777,0,118
60587,-0.074,0.416,0.936,4.771,-0.945,1.774,0,59
60643,-0.092,0.434,0.903,3.109,-0.338,0.195,0,59
60701,-0.119,0.382,1.036,14.021,5.576,6.541,0,60
60760,-0.129,0.447,1.192,22.389,-20.216,-4.144,0,117
60804,-0.172,0.656,1.163,28.252,-44.115,20.87,16,106
60861,-0.085,0.772,1.321,-15.885,-65.16,30.267,0,118
60917,-0.065,0.629,1.258,-21.015,-90.969,42.015,128,0
61007,-0.001,0.464,1.189,-43.427,-121.84,42.931,128,50
61054,0.072,0.452,1.128,-48.504,-133.672,45.641,127,50
61103,0.1,0.309,1.06,-33.29,-151.802,40.634,126,54
61150,0.143,0.361,0.821,-2.445,-165.969,47.45,125,52
61197,0.231,0.236,0.539,-19.293,-164.397,47.55,123,55
61243,0.452,0.213,0.326,-13.046,-154.817,50.542,124,45
61286,0.608,0.142,0.104,-46.366,-134.954,42.855,51,47
61338,0.823,-0.032,0.051,-48.29,-122.206,34.237,166,51
61388,0.796,0.046,-0.165,-16.855,-103.0,27.87,165,53
61438,1.1,-0.015,-0.213,-50.649,-68.458,14.75,165,57
61480,0.977,-0.147,-0.178,-7.64,-40.71,-0.65,38,59
61523,1.07,0.059,-0.159,-1.566,-2.953,-1.019,36,60
61566,0.95,-0.001,-0.111,-37.198,-4.0,-3.731,37,65
61609,1.033,-0.067,0.037,-19.527,-4.872,-1.362,11,20
61652,1.009,0.02,0.079,-15.032,8.921,2.353,37,65
61698,0.949,0.01,0.155,-14.237,3.347,10.829,38,66
61741,1.013,-0.056,0.204,-0.261,-3.863,4.1,37,64
61784,0.962,0.028,0.177,18.16,-2.657,3.315,37,66
61827,0.949,-0.002,0.2,-4.866,-2.686,11.577,37,65
61870,0.988,-0.092,0.286,-0.779,-2.962,22.877,37,65
61913,0.972,-0.095,0.189,-9.353,-10.872,3.459,36,66
61956,1.004,-0.098,0.222,-9.245,-8.904,1.019,38,68
61999,0.978,-0.006,0.162,-31.618,-6.379,-0.742,37,68
62049,0.989,-0.112,0.284,-53.435,5.361,-3.002,154,70
62095,0.909,-0.194,0.301,-21.939,-20.677,-0.391,38,70
62145,0.95,-0.202,0.374,27.023,-27.924,-0.663,154,69
62194,0.944,-0.005,0.348,34.901,-41.71,-2.319,154,64
62239,0.823,-0.036,0.365,11.099,-63.244,-2.137,51,72
62283,0.798,-0.09,0.249,-7.067,-77.947,-0.478,50,74
62333,0.734,-0.111,0.186,8.345,-93.809,2.741,153,73
62385,0.708,-0.226,0.068,14.794,-113.046,1.934,153,98
62438,0.836,-0.106,-0.07,34.611,-123.336,2.737,153,111
62489,0.661,0.115,-0.298,-37.214,-134.473,-4.183,153,98
62544,0.508,0.141,-0.637,-59.038,-164.321,-15.763,153,100
62596,0.664,-0.091,-0.732,-5.035,-161.336,-3.705,152,76
62646,0.658,0.339,-1.123,16.724,-121.237,17.184,152,76
62696,0.65,0.036,-1.215,-51.802,-100.168,-1.484,151,76
62748,0.53,0.036,-1.158,2.089,-65.466,6.176,151,109
62799,0.463,0.132,-1.105,-48.893,-47.847,1.24,150,86
62852,0.552,0.037,-0.941,-62.779,-32.939,-0.566,150,109
62903,0.395,0.018,-0.966,-34.298,-36.55,-24.924,150,77
62953,0.48,-0.02,-1.012,39.748,-50.885,-24.313,150,77
63008,0.418,0.123,-1.154,53.878,-42.626,-17.076,151,108
63060,0.358,0.215,-1.128,10.087,-9.277,-3.236,151,107
63111,0.418,0.052,-0.96,-13.55,-3.081,-4.032,151,76
63162,0.368,0.078,-0.983,9.076,-9.834,-7.91,151,75
63212,0.363,0.12,-0.989,4.113,-5.171,-9.183,152,74
63262,0.468,0.109,-1.009,4.628,4.195,-3.235,151,74
63312,0.344,0.096,-1.004,-5.332,1.174,-7.352,152,74
63364,0.362,0.129,-1.06,-5.947,0.711,-2.847,152,74
63460,0.478,0.175,-1.165,-15.366,31.435,7.902,152,77
63510,0.354,0.171,-1.237,-28.802,46.237,2.675,152,75
63561,0.47,0.08,-1.106,-36.511,62.305,20.878,151,75
63613,0.555,0.2,-1.007,23.06,77.695,27.774,152,106
63665,0.477,0.253,-0.956,-38.992,92.046,22.372,151,91
63715,0.562,0.119,-0.742,-36.038,93.244,27.397,151,77
63768,0.64,0.12,-0.674,32.441,85.0,22.198,151,111
63820,0.657,0.121,-0.61,40.0,69.305,21.87,151,111
63873,0.721,0.095,-0.57,47.496,69.809,37.802,151,112
63928,0.78,0.117,-0.495,6.151,76.191,24.107,150,106
63981,0.772,0.009,-0.415,-36.45,69.267,21.725,149,116
64034,0.844,-0.044,-0.343,-44.183,62.626,31.031,149,123
64088,0.851,-0.057,-0.344,-3.969,52.931,24.344,148,124
64141,0.866,-0.127,-0.29,1.168,42.511,34.305,148,118
64188,0.917,-0.097,-0.276,18.687,37.878,33.634,50,126
64237,0.955,-0.111,-0.24,23.336,35.0,27.374,45,150
64284,0.919,-0.159,-0.188,21.519,32.115,22.893,43,121
64331,0.947,-0.185,-0.187,38.023,32.42,22.534,38,125
64379,0.979,-0.172,-0.161,27.359,38.542,-1.742,10,32
64425,0.969,-0.171,-0.116,2.461,41.321,1.951,34,104
64471,0.933,-0.191,-0.044,-13.16,41.924,4.748,32,103
64522,0.935,-0.199,-0.004,-19.947,35.176,0.112,148,103
64568,0.973,-0.244,0.063,-13.305,28.412,-1.899,29,103
64613,0.962,-0.179,0.041,-9.762,24.971,-4.11,30,103
64658,0.978,-0.221,0.072,-4.499,17.758,-6.255,28,102
64703,0.936,-0.206,0.03,0.671,5.872,-6.0,28,102
64751,0.958,-0.232,0.011,19.099,9.319,2.347,29,102
64795,1.005,-0.195,-0.01,4.834,4.114,-11.515,30,77
64838,0.968,-0.282,0.026,-3.736,6.885,-20.428,30,76
64882,0.955,-0.312,0.066,13.321,18.033,-20.954,32,75
64926,0.956,-0.23,0.049,5.202,7.966,-34.443,34,73
64969,0.917,-0.244,0.079,-11.236,6.528,-39.0,36,72
65013,0.9,-0.214,0.09,-13.153,9.209,-43.626,39,70
65057,0.936,-0.227,0.099,-22.405,11.079,-57.038,42,71
65104,0.916,-0.174,0.119,-27.038,10.147,-77.221,47,109
65155,0.812,-0.095,0.132,-38.321,18.747,-90.405,56,105
65202,0.801,0.046,0.162,-27.893,15.216,-104.656,61,101
65255,0.8,0.113,0.172,-15.046,14.502,-107.298,174,96
65309,0.705,0.309,0.104,1.345,14.558,-109.534,0,90
65363,0.823,0.497,0.119,23.313,8.364,-135.534,0,87
65418,0.867,0.667,0.083,-14.473,37.198,-171.55,0,84
65471,0.295,0.868,0.084,-76.008,46.267,-145.618,0,81
65526,0.285,0.932,0.304,-16.076,7.713,-42.618,0,107
65588,0.691,1.016,0.386,-13.885,23.678,-23.374,0,0
65651,0.661,1.007,0.376,-12.947,27.153,-50.382,0,0
65712,0.427,0.886,0.407,-37.855,25.214,-47.313,0,0
65773,0.444,0.875,0.509,12.038,16.77,-21.229,0,0
65833,0.505,0.892,0.403,24.748,-3.102,-26.189,0,0
65894,0.49,0.93,0.249,-18.206,20.708,-27.061,0,0
65955,0.479,0.816,0.335,-58.557,46.786,-47.076,0,0
66059,0.243,0.881,0.54,-15.756,34.496,-48.687,0,0
66109,0.205,0.949,0.562,-12.621,25.481,-31.282,0,17
66163,0.23,0.861,0.552,22.687,25.046,-23.321,0,16
66227,0.208,0.944,0.454,-2.702,34.053,-37.183,0,0
66288,0.062,0.754,0.592,-31.649,33.069,-51.802,0,0
66349,-0.052,0.928,0.656,15.152,23.124,-20.45,0,0
66409,0.017,1.012,0.751,-26.092,3.182,-0.362,0,0
66470,0.031,1.139,0.843,16.962,-17.693,1.132,0,0
66531,-0.034,1.24,0.831,-5.603,-42.26,54.878,0,0
66581,0.07,1.239,0.774,26.153,-65.672,92.382,0,16
66646,0.072,1.125,0.661,-0.535,-76.901,101.366,0,0
66706,0.14,0.925,0.509,22.634,-86.595,127.374,0,0
66762,0.335,0.769,0.314,23.412,-79.405,136.687,0,108
66820,0.483,0.531,0.186,61.221,-67.084,135.214,0,85
66874,0.603,0.666,-0.013,22.954,-41.206,122.321,0,86
66928,0.716,0.4,0.065,-32.023,-25.237,106.832,0,89
66983,0.741,0.093,0.155,4.907,-22.71,98.939,0,95
67039,0.825,0.072,0.094,49.183,-29.618,95.786,0,98
67087,0.912,-0.0,0.106,82.092,-21.731,77.443,73,101
67140,0.967,0.104,0.059,92.137,-7.343,66.542,167,103
67187,0.967,0.125,0.082,49.397,4.306,53.023,55,109
67232,0.944,0.084,0.109,34.733,8.841,43.359,51,64
67293,0.985,0.047,0.179,28.267,8.494,43.282,47,63
67338,0.943,0.015,0.172,7.761,3.532,35.779,45,59
67383,0.956,-0.058,0.219,12.106,1.024,29.534,44,59
67428,0.943,-0.075,0.178,13.168,-3.623,28.733,43,60
67473,0.99,-0.048,0.151,12.947,-2.778,21.252,38,61
67518,0.979,-0.084,0.14,-7.885,-6.058,14.524,37,62
67563,0.989,-0.104,0.122,-8.571,-5.415,8.386,37,62
67608,0.999,-0.116,0.099,-4.513,-3.122,7.772,35,64
67653,1.017,-0.074,0.088,-12.783,-1.512,1.635,35,65
67701,0.986,-0.105,0.07,-14.16,-2.354,1.597,35,63
67746,1.012,-0.112,0.076,-1.762,1.384,-0.064,35,64
67791,1.023,-0.049,0.044,0.557,3.191,-6.016,36,65
67836,0.995,-0.055,0.028,-0.864,14.176,-1.282,36,64
67881,0.996,-0.039,0.01,-5.821,15.926,-2.712,37,65
67927,0.979,-0.084,-0.006,-14.84,30.817,3.908,36,69
67972,1.008,-0.131,-0.005,-5.787,27.969,3.039,36,68
68018,0.987,-0.16,0.001,-1.616,36.351,-4.538,38,67
68063,0.979,-0.138,0.026,5.568,46.153,-15.962,36,66
68111,0.974,-0.16,0.088,23.603,54.168,-19.397,39,60
68156,0.896,-0.089,0.057,34.023,64.092,-27.58,44,57
68201,0.889,-0.022,0.114,29.389,78.275,-30.779,51,52
68246,0.81,0.073,0.119,-7.595,101.229,-45.328,53,50
68298,0.755,-0.05,0.287,-4.092,106.947,-44.374,168,46
68350,0.577,0.138,0.264,-0.268,126.366,-42.687,171,44
68400,0.583,0.125,0.515,-3.513,133.145,-41.573,125,43
68449,0.347,0.025,0.674,52.969,137.832,-33.443,127,44
68501,0.264,0.613,0.769,68.84,140.389,-24.282,129,48
68551,0.324,0.521,1.197,35.29,128.153,-24.641,131,45
