Timestamp(ms),AccelX(g),AccelY(g),AccelZ(g),GyroX(deg/s),GyroY(deg/s),GyroZ(deg/s),DistanceLeft(cm),DistanceRight(cm)
42075,-0.435,-0.978,0.068,29.443,92.733,-42.366,0,67
42131,-0.454,-0.931,0.086,39.069,79.939,-5.89,0,66
42183,-0.499,-0.997,0.05,42.176,95.29,37.328,0,67
42242,-1.055,-0.928,0.152,25.29,117.611,61.664,0,107
42300,-1.398,-0.652,0.177,-14.117,55.321,78.74,0,154
42355,-1.051,-0.275,-0.061,-27.872,-24.539,110.313,0,117
42412,-0.484,0.105,-0.493,-45.704,176.053,150.718,0,123
42463,-1.458,-0.196,0.054,-85.115,151.557,130.282,106,85
42516,-1.083,-0.249,0.012,-103.763,-52.313,89.351,0,84
42568,-1.017,-0.647,-0.365,-118.092,-203.099,63.122,161,82
42617,-0.871,-1.04,-0.601,-86.107,-232.305,17.362,160,48
42667,-0.493,-1.156,-0.404,-29.263,-141.634,-33.931,161,45
42716,0.316,-0.658,-0.581,28.573,98.939,-75.832,160,46
42768,-0.811,-0.697,-0.296,47.13,250.13,-93.779,163,84
42821,-1.632,-0.452,0.007,78.504,163.969,-67.924,0,83
42875,-2.0,0.054,0.389,-21.934,-250.137,86.809,164,85
42929,-1.023,-0.691,-0.453,-67.336,-250.137,46.153,0,75
42981,1.168,-1.084,-1.018,96.855,54.176,-58.817,0,46
43038,-1.25,0.398,-1.126,147.183,250.13,27.405,0,89
43090,-2.0,-0.242,0.82,-80.744,-121.351,-15.038,158,88
43140,-0.546,-0.146,-0.281,1.939,-250.137,4.04,157,59
43192,0.034,0.486,-0.331,95.634,-111.802,38.916,0,55
43247,-0.982,0.351,0.473,-70.183,-181.328,73.023,0,49
43299,0.673,-1.967,-1.453,-26.227,224.756,-10.705,0,56
43354,-2.0,-1.121,-0.263,96.473,250.13,73.893,160,85
43406,-2.0,-0.566,0.32,-72.458,-250.137,-69.038,158,86
43457,1.341,-0.726,-1.895,-15.247,-229.634,-139.771,0,42
43512,-0.73,0.558,0.522,-26.759,238.427,20.499,0,53
43565,-1.267,-0.664,0.865,-37.11,-250.137,61.702,0,47
43620,0.818,-1.429,-1.712,156.26,126.893,-31.26,0,55
43670,-2.0,-0.584,0.879,-76.656,250.13,44.878,154,64
43721,-1.512,-0.53,0.732,-34.837,-227.504,-50.229,139,88
43773,0.177,0.271,-0.638,134.656,73.901,-69.687,141,59
43824,-1.743,0.636,0.809,-97.863,54.317,-54.183,140,87
43877,-1.135,-0.064,0.543,-124.42,-250.137,-17.878,0,63
43931,0.801,-0.552,-1.664,139.794,186.58,11.41,0,44
43982,-2.0,-0.596,0.425,-108.107,250.13,37.0,143,80
44034,-2.0,-1.606,0.152,-144.504,-250.137,-41.595,177,60
44085,0.909,-1.663,-1.244,41.473,-172.603,-38.275,171,63
44136,-0.978,0.557,0.84,-44.712,205.008,-52.954,170,73
44187,-1.733,0.155,0.472,-135.427,-250.137,-59.092,166,67
44243,1.804,-1.013,-2.0,-29.702,-250.137,-86.832,0,72
44297,-0.264,-0.033,-0.431,40.092,250.13,107.588,0,72
44349,-2.0,-1.544,0.957,-112.527,153.0,121.695,163,79
44400,-1.039,-1.2,0.194,-71.176,-189.031,32.435,157,88
44452,-0.615,-0.508,0.031,31.672,-100.0,7.711,154,98
44509,-0.416,0.11,0.266,-12.147,-182.664,-16.94,0,124
44565,0.606,0.325,-1.024,-19.771,170.511,-4.094,0,121
44621,-2.0,0.37,0.833,-163.962,137.802,130.962,0,124
44682,-2.0,-1.819,-0.509,-178.099,-250.137,-7.658,0,130
44782,-0.115,-0.766,-0.794,1.595,250.13,23.235,0,146
44840,-1.725,0.099,1.165,-19.851,18.176,-13.104,192,154
44899,-0.586,0.04,-0.598,-88.328,-250.137,-36.099,0,156
44958,0.214,-0.289,-0.441,-78.931,-250.137,10.318,0,176
45016,0.364,-2.0,-1.369,-1.802,250.13,28.618,0,145
45072,-2.0,-1.28,0.205,-51.574,250.13,169.275,0,125
45127,-1.614,-0.532,0.228,-96.779,-250.137,65.634,0,103
45175,1.05,-0.117,-1.214,-31.369,-250.137,-26.698,57,112
45235,0.308,0.567,-0.64,-17.512,209.076,-27.756,0,126
45290,-2.0,-0.212,0.403,-177.672,-107.679,54.344,0,102
45338,-1.954,-1.075,-1.073,-199.313,-250.137,42.641,59,112
45393,0.008,-1.496,-1.813,-155.702,188.855,64.473,187,107
45445,-2.0,-1.757,-0.188,-70.924,250.13,33.688,154,89
45497,-2.0,-0.14,0.215,-95.305,-250.137,-54.237,146,94
45549,0.237,0.048,-1.877,-112.595,-250.137,1.328,164,92
45605,1.581,0.091,-1.509,-82.466,140.008,32.221,0,112
45663,-1.949,-0.692,0.893,-80.985,146.038,98.893,159,118
45720,-1.528,-1.014,-0.237,-64.527,-227.611,53.29,0,143
45774,-0.501,-1.365,-1.294,-64.63,250.13,170.916,0,87
45830,-2.0,-0.875,1.013,-28.991,96.672,66.191,0,88
45879,-0.616,-0.515,0.074,48.344,-250.137,-39.962,146,57
45932,0.57,0.381,-0.769,59.626,-53.969,-130.412,0,58
45990,-1.531,0.513,-0.254,-86.427,164.985,-41.351,0,95
46045,-2.0,0.072,-0.006,-148.687,-67.733,153.053,0,85
46092,-0.604,-0.364,-0.366,-167.863,-84.473,235.053,40,51
46137,0.085,-1.042,-1.084,-67.878,146.427,83.786,39,88
46183,-1.813,-1.141,0.321,60.405,142.374,-115.42,57,86
46233,-2.0,-0.274,0.462,39.893,-250.137,-182.412,131,88
46284,0.364,-0.555,-1.161,-18.24,-250.137,-88.107,177,52
46337,0.666,0.086,-1.267,26.053,250.13,16.879,179,56
46387,-2.0,-0.091,1.632,-54.1,184.046,102.84,138,76
46432,-1.856,-1.309,-0.0,-24.524,-250.137,38.91,50,77
46486,0.799,-0.892,-1.417,71.046,-123.496,-39.687,194,77
46534,-2.0,-1.576,0.87,-144.794,130.656,37.466,43,84
46580,0.103,-0.607,-0.521,51.573,134.649,-49.29,56,81
46631,-1.275,0.945,-0.394,177.977,250.13,21.057,156,77
46684,-2.0,0.464,1.126,-61.711,-250.137,-63.107,157,84
46737,0.736,-0.258,-1.231,-63.506,-250.137,10.059,187,80
46789,-0.678,0.584,-0.862,39.534,250.13,147.908,160,76
46840,-2.0,-0.457,1.236,-106.58,-151.397,11.156,160,77
46892,-1.144,-1.223,-0.551,-105.076,-250.137,-41.656,159,59
46946,0.858,-0.209,-1.458,78.397,250.13,-56.092,156,62
46998,-2.0,-0.584,1.736,-3.836,250.13,-117.466,155,92
47051,-1.826,0.32,-0.311,-84.374,-250.137,-153.374,188,67
47106,2.0,-0.573,-2.0,122.58,-250.137,-110.634,0,80
47159,-0.735,0.356,0.73,37.931,250.13,85.618,0,59
47215,-1.54,-2.0,0.734,-1.277,104.603,66.511,0,51
47266,-1.087,-0.506,-0.782,166.153,250.13,72.344,160,65
47319,-2.0,-0.024,1.651,-72.168,-120.008,0.584,160,87
47375,0.491,-0.326,-1.163,7.725,-250.137,-37.305,0,54
47473,-2.0,0.125,1.925,-250.137,38.275,12.227,164,138
47529,-2.0,-1.104,-1.202,-240.763,-250.137,4.875,0,100
47584,1.334,-1.249,-1.086,108.519,94.374,-97.954,0,71
47636,-1.527,-0.14,-1.541,74.084,250.13,7.192,161,88
47689,-2.0,-0.37,1.439,-222.718,-250.137,-102.42,156,92
47747,-1.322,0.074,-1.369,-221.847,-250.137,-6.975,0,140
47803,2.0,0.158,-1.447,63.969,-91.412,-22.145,0,109
47860,-0.08,-0.114,-1.18,89.176,250.13,25.471,0,135
47917,-2.0,-0.888,0.884,-122.802,111.672,60.45,158,88
47963,-1.592,-0.758,-0.42,-179.832,-250.137,33.985,43,93
48010,0.915,-0.816,-0.591,-70.725,-204.351,42.847,39,106
48062,0.814,-0.075,-0.137,38.573,250.13,7.629,154,99
48115,-0.828,0.761,-0.847,75.29,250.13,31.344,155,99
48163,-2.0,0.368,0.755,-149.779,-188.84,10.991,159,11
48212,-2.0,0.185,-2.0,-250.137,-250.137,33.611,158,22
48264,-0.649,-1.283,-0.839,-250.137,-250.137,59.198,0,21
48322,-0.127,-1.043,-0.539,-33.146,250.13,15.085,0,87
48374,-1.077,-0.041,-0.44,32.191,250.13,13.775,151,92
48427,-2.0,0.185,0.936,-85.45,-237.672,-41.359,149,95
48481,-0.662,0.281,-1.192,-142.443,-250.137,-44.802,152,112
48535,1.217,-0.306,-1.371,-102.221,-223.656,10.25,0,77
48591,-0.071,-0.027,-2.0,29.534,250.13,129.527,0,112
48640,-2.0,-0.485,0.873,-141.0,133.092,49.588,160,12
48690,-2.0,-0.212,-1.086,-216.695,-250.137,0.681,51,138
48741,0.93,-0.844,-1.247,-83.16,-154.214,47.954,36,136
48796,-0.161,-0.289,-0.635,41.069,250.13,43.321,38,149
48851,-2.0,-0.068,1.183,3.298,212.389,-48.847,153,149
48904,-2.0,0.264,-0.7,-114.779,-250.137,-63.496,160,100
48957,-0.241,-0.088,-0.795,-138.611,-250.137,39.954,0,86
49009,-0.164,-0.508,-1.368,-80.168,250.13,45.191,162,82
49060,-2.0,-1.019,0.248,-20.958,250.13,-91.855,164,80
49112,-2.0,-0.237,-0.506,-133.649,-250.137,-95.153,161,86
49167,1.133,-0.932,-1.924,-41.713,-250.137,-62.771,0,55
49224,1.111,0.24,-1.081,110.282,250.13,-33.733,0,90
49275,-2.0,0.358,0.63,-41.234,250.13,99.794,159,84
49328,-2.0,-1.075,0.31,-116.55,-250.137,-23.74,162,85
49370,-0.055,-1.388,-0.97,-4.099,-250.137,-43.244,42,46
49413,1.072,0.087,-0.741,89.603,250.13,-67.145,41,46
49464,-1.377,0.203,-1.584,48.641,250.13,-12.406,162,84
49515,-2.0,0.072,1.468,-24.941,-202.496,-57.519,167,84
49569,-0.642,0.233,-0.877,-30.78,-250.137,-36.45,0,88
49624,0.796,0.69,-1.434,69.992,250.13,62.084,0,48
49681,-2.0,-1.33,1.274,-206.756,177.656,52.908,0,83
49726,-1.975,-1.266,-0.653,-102.137,-250.137,46.26,58,61
49778,1.187,-1.24,-1.461,80.74,-54.595,-6.506,0,66
49837,-0.042,0.187,-1.241,35.733,250.13,35.939,0,94
49883,-2.0,-0.549,2.0,-25.103,21.031,-102.962,71,94
49934,-1.636,0.118,-0.499,-80.107,-250.137,-114.573,149,79
49987,1.774,-0.878,-2.0,66.725,-250.137,-63.344,0,70
50041,0.629,0.265,-1.333,145.023,250.13,87.618,173,72
50136,-2.0,-1.28,0.646,-77.786,-250.137,-30.992,158,89
50189,1.235,-0.972,-1.182,122.42,-164.206,-49.878,177,91
50241,-0.787,1.094,-0.694,73.435,250.13,-26.298,157,88
50292,-2.0,0.288,1.354,-140.29,-99.962,-90.679,159,86
50345,-1.62,0.086,0.16,-95.092,-250.137,-21.516,0,62
50401,1.458,-0.344,-1.555,181.183,100.565,-48.756,0,60
50452,-2.0,-0.115,-2.0,-64.841,250.13,100.366,142,81
50502,-2.0,-1.072,0.672,-210.588,-220.718,-77.405,143,83
50556,-0.544,-0.73,-0.551,-135.947,-250.137,-74.756,138,91
50607,1.377,-0.168,-0.877,68.145,127.313,-120.771,136,93
50658,-0.437,-0.079,-0.901,22.603,250.13,-44.595,136,91
50709,-2.0,-0.353,1.462,-190.557,-250.137,-62.527,147,90
50760,-1.511,-0.291,-0.504,-155.176,-250.137,42.573,152,91
50812,1.766,-1.484,-1.663,228.053,-116.412,-1.196,153,94
50863,-0.94,-0.146,-2.0,173.237,250.13,-28.244,136,88
50914,-2.0,-0.744,1.708,-99.771,250.13,-30.053,136,88
50969,-1.647,0.006,-0.469,-139.168,-250.137,-27.12,44,36
51022,1.273,-0.288,-0.762,3.305,-250.137,-0.577,145,126
51076,0.851,1.092,-0.54,39.603,250.13,20.449,134,125
51126,-2.0,0.785,-1.538,-56.878,250.13,36.183,135,87
51176,-2.0,-0.308,-1.609,-250.137,-250.137,-14.181,133,86
51222,-1.326,-1.143,-1.8,-250.137,-250.137,99.26,57,92
51277,0.203,-1.39,-0.046,-223.886,-180.206,76.672,0,98
51324,1.167,-0.559,-0.337,89.771,122.779,-39.947,57,101
51378,0.316,0.657,-0.787,90.527,250.13,-22.942,109,100
51434,-2.0,-0.476,1.216,-90.519,68.191,-48.649,128,0
51490,-1.51,-0.143,-0.577,-148.031,-250.137,-53.718,0,127
51549,0.708,-1.504,-1.59,12.426,-250.137,21.088,186,169
51600,-1.147,-0.233,-2.0,80.985,250.13,101.053,138,88
51651,-2.0,-0.091,1.368,-76.542,250.13,19.66,150,87
51700,-1.784,-0.116,-0.724,-123.832,-250.137,-15.155,114,87
51756,0.282,-0.136,-0.842,-81.031,-250.137,-12.215,195,107
51812,1.07,0.294,-0.864,58.527,250.13,27.389,158,106
51862,-2.0,1.34,-1.731,-32.58,250.13,117.427,114,86
51911,-2.0,-0.479,-0.195,-250.137,-167.893,-97.183,118,86
51957,-2.0,-0.188,-1.426,-250.137,-250.137,-101.656,50,88
52012,0.115,-1.035,-1.479,-134.313,-250.137,-81.733,155,125
52064,0.583,-0.05,-0.911,19.947,250.13,-57.504,152,104
52115,-1.561,0.398,-0.598,-70.679,250.13,-3.241,132,93
52167,-2.0,-0.222,0.61,-174.382,-238.336,-41.458,136,110
52222,-0.74,-0.354,-0.39,-112.298,-250.137,23.57,147,109
52276,0.843,-0.816,-1.308,72.58,7.014,-27.282,176,83
52326,-2.0,-0.663,-1.1,-23.787,250.13,65.344,137,83
52377,-2.0,-1.258,0.752,-130.275,22.035,26.047,136,86
52427,-1.201,-0.486,-0.273,-64.718,-250.137,-2.853,134,90
52482,0.351,-0.038,-0.743,55.176,-250.137,-73.611,161,120
52536,0.2,1.079,-0.714,-17.995,195.595,-72.053,158,115
52590,-2.0,-0.0,0.412,-205.176,66.557,-14.058,0,89
52644,-1.699,-1.515,0.208,-96.931,-250.137,48.771,0,85
52701,-0.095,-1.217,-1.135,47.443,-67.679,-110.969,0,54
52799,-1.654,-2.0,0.411,-213.87,12.079,-115.534,0,96
52856,0.713,-1.134,-1.496,58.244,-142.496,-163.779,0,145
52909,-1.276,0.752,1.055,-25.067,6.68,-134.824,0,42
52965,-0.731,-0.736,0.046,-3.229,-250.137,150.756,0,44
53017,0.948,-1.473,-1.384,138.939,30.412,106.679,0,49
53073,-1.03,-0.596,0.399,-56.008,250.13,80.611,0,59
53127,-1.391,-1.763,0.702,-25.699,-93.817,78.542,0,58
53182,-0.519,-0.494,-0.557,102.542,77.244,-54.092,0,61
53240,-1.885,-0.16,1.185,-161.237,-133.817,-34.008,0,85
53295,-0.738,-1.059,-0.261,41.252,-250.137,0.552,0,76
53348,0.234,1.69,0.177,64.473,233.893,-28.466,0,69
53402,-1.595,-0.408,0.596,-167.74,101.786,155.374,0,80
53457,-1.607,-1.892,-0.573,26.931,-167.55,28.557,0,101
53513,-1.633,0.021,0.582,-81.756,-73.985,-49.893,0,89
53567,-0.831,-1.559,0.804,-166.099,-250.137,154.405,0,81
53621,0.679,-0.927,-0.955,134.634,11.308,-140.817,0,87
53681,-0.859,0.639,0.769,-92.412,160.466,-37.145,0,103
53735,-1.328,-1.312,1.043,-74.916,-250.137,43.42,0,89
53789,0.877,-1.09,-0.969,237.328,-127.939,-177.893,0,61
53844,-0.908,0.024,1.004,11.267,192.214,41.618,0,114
53900,-0.938,-2.0,1.417,-67.374,-206.397,151.397,0,79
53960,0.757,-0.873,-0.232,187.435,223.565,-196.733,0,0
54014,-2.0,0.974,0.99,-101.076,250.13,-101.863,0,66
54068,-2.0,-0.658,1.242,-100.153,-250.137,6.489,0,65
54127,0.617,-0.957,-1.426,152.504,-249.847,-116.313,0,109
54180,-1.857,0.797,1.172,-210.42,151.046,58.618,0,54
54234,-2.0,-2.0,0.977,-202.466,-189.748,136.214,0,69
54288,0.57,-1.787,-1.038,161.176,-66.137,-182.405,0,72
54341,-1.217,0.821,0.478,-92.42,250.13,-111.397,0,68
54395,-0.714,-0.503,0.974,-241.786,-47.766,32.42,0,70
54449,0.38,-2.0,-0.575,131.252,-99.924,-12.762,0,67
54503,0.051,1.109,0.344,131.237,94.527,32.817,0,74
54556,-1.204,-1.56,0.685,-148.427,14.275,120.702,0,64
54616,-1.29,-2.0,0.258,-5.395,-222.733,133.916,0,117
54673,0.442,-0.884,-0.357,216.053,18.901,-113.176,0,121
54727,-1.173,1.14,-0.185,24.71,250.13,-31.671,0,84
54789,-1.949,-0.417,0.812,-184.26,27.748,84.023,0,187
54849,-1.132,-0.729,0.262,-2.656,-250.137,17.486,0,192
54906,-0.219,1.35,-0.729,108.748,81.16,-33.641,0,119
54964,-2.0,-0.477,-0.676,-250.137,135.695,173.542,0,138
55021,-1.888,-1.707,0.238,-250.137,-228.412,65.55,0,117
55077,-0.032,-1.656,0.574,-1.718,-250.137,12.077,0,56
55134,0.763,-0.254,-0.47,111.267,-107.992,-111.947,0,55
55187,0.084,0.282,-0.619,38.534,198.977,-48.695,0,52
55247,-1.657,-0.306,0.73,-205.817,-51.794,154.168,0,119
55303,-1.297,-1.887,-0.206,-102.137,-250.137,122.321,0,99
55351,0.352,-1.127,-0.324,70.756,-69.084,-65.634,51,102
55406,-0.446,-0.323,-0.627,73.534,250.13,-66.695,0,103
55462,-2.0,-0.281,0.272,-210.191,250.13,98.771,0,103
55519,-1.542,-0.354,0.543,-185.649,-186.71,78.672,0,109
55623,0.291,0.175,-0.895,32.786,-48.649,-41.458,0,135
55682,-1.936,-0.18,-0.475,-250.137,-38.478,54.588,0,149
55743,-1.883,-1.575,-0.066,-250.137,-250.137,-69.015,0,84
55795,-0.063,-1.36,-0.451,51.42,-250.137,-114.122,0,57
55852,0.196,0.011,-0.512,4.069,72.992,-69.931,0,62
55903,-0.438,0.009,0.162,-181.374,88.176,122.763,0,55
55958,-0.665,-1.868,0.53,-32.106,-98.237,85.366,0,44
56009,-0.276,-0.302,-0.528,207.313,97.664,-34.49,0,45
56064,-1.445,-0.686,0.635,-176.176,-122.886,64.832,0,44
56119,-1.143,-2.0,0.12,-58.242,-232.42,58.527,0,40
56160,0.545,0.281,-0.385,250.13,139.45,-131.229,34,38
56211,-1.471,1.241,0.703,-61.232,250.13,-41.13,0,41
56268,-1.335,-0.781,0.806,-213.748,-91.824,66.244,0,89
56322,-0.297,-2.0,-0.249,84.916,-250.137,-18.641,0,74
56374,-0.697,0.777,0.402,82.565,207.931,-69.985,0,42
56428,-1.046,-0.837,0.152,-250.137,59.053,109.458,0,37
56480,-1.52,-2.0,-0.054,-115.718,-90.458,-34.336,0,53
56535,0.103,-0.912,-0.872,250.13,-73.214,-70.107,0,50
56591,-0.571,1.199,0.767,-66.656,15.611,-85.786,0,62
56643,-0.418,-0.162,0.602,-177.939,-234.794,55.618,0,53
56697,0.257,-1.878,-0.441,103.71,-249.87,37.807,0,40
56740,0.16,-0.716,-0.497,228.878,20.676,-68.916,44,41
56792,-0.626,-0.203,0.842,-36.956,153.45,18.823,0,41
56846,-0.713,-1.71,1.231,-110.634,6.865,146.74,0,42
56898,0.048,-1.103,0.102,227.198,125.878,-132.099,0,39
56952,-0.991,1.353,-0.149,62.939,250.13,-82.756,0,51
57008,-1.764,0.194,1.13,-244.489,20.542,-3.661,0,46
57059,-1.542,-2.0,-0.032,6.336,-250.137,-7.994,0,41
57110,0.383,-0.486,-0.663,250.13,-110.748,-93.244,0,39
57166,-1.083,-0.308,0.588,-191.71,92.817,5.564,0,70
57220,-1.041,-2.0,-0.072,-205.878,-43.464,119.29,0,60
57272,-0.132,-1.265,0.117,137.321,-52.318,1.274,0,70
57326,0.08,0.808,-0.129,61.458,25.328,-3.133,0,77
57378,-0.305,0.27,0.229,-138.29,-69.763,28.154,0,72
57436,-1.008,-1.559,0.535,-102.023,-231.0,8.011,0,79
57490,-0.192,-1.58,-0.57,236.618,-102.947,10.291,0,91
57544,-0.925,-0.275,0.551,-77.328,93.939,63.511,0,96
57600,-1.023,-1.112,1.036,-134.74,-12.847,100.557,0,107
57656,-0.168,-1.051,0.832,157.771,-95.282,-30.321,5,34
57702,0.539,0.98,-0.225,161.542,104.725,-83.702,43,115
57758,-1.327,0.908,-0.026,-65.16,250.13,-24.656,0,121
57816,-2.0,-1.425,-0.604,-250.137,-109.321,185.366,0,133
57876,-1.588,-1.465,-0.095,-245.779,-250.137,-19.228,0,144
57934,-0.488,-1.434,0.054,-33.702,-242.794,3.8,0,154
57993,0.478,-0.287,-0.367,81.718,72.908,-55.649,0,153
58051,-0.369,0.271,-0.245,-47.661,250.13,-25.496,0,158
58109,-1.838,-0.471,0.557,-209.244,-250.137,58.924,0,174
58170,-1.031,-1.169,-0.527,-96.336,-250.137,80.718,0,183
58219,0.677,-1.312,-0.311,133.313,-136.794,-9.279,42,162
58278,-0.1,-1.097,-0.427,72.015,250.13,28.831,0,177
58378,-1.914,-0.469,0.703,-181.557,-250.137,76.107,196,114
58438,0.327,-0.756,-0.229,-17.916,-250.137,11.592,0,145
58496,1.048,0.144,-0.404,113.206,81.328,-53.893,0,134
58551,-2.0,0.208,-0.765,-170.916,250.13,66.389,196,102
58604,-2.0,-2.0,0.0,-250.137,-250.137,-2.691,162,110
58657,-1.17,-1.21,-0.735,-167.458,-250.137,-23.88,0,61
58715,1.301,-0.022,-0.667,65.939,-95.771,-56.16,0,77
58774,-0.494,1.093,0.002,-141.038,250.13,30.046,0,173
58830,-2.0,-1.642,0.744,-206.893,-250.137,61.244,0,113
58881,0.29,-2.0,-1.089,131.656,-250.137,-81.84,38,120
58936,1.015,0.041,-0.307,142.511,71.977,-96.969,0,115
58993,-1.161,-0.143,0.423,-181.626,227.756,135.267,0,122
59049,-1.885,-1.988,1.012,-105.237,-136.557,2.314,0,133
59101,0.729,-0.786,-0.612,184.817,-175.618,-131.183,0,29
59156,-0.375,1.032,0.213,-8.604,250.13,-16.135,0,34
59217,-1.338,-0.896,0.932,-189.0,-38.205,121.45,0,0
59265,-0.264,-2.0,-0.606,169.786,-61.038,-52.527,0,0
59319,-1.877,0.051,0.383,-90.107,152.695,41.397,0,32
59370,-1.885,-2.0,0.193,-247.29,-170.626,185.519,0,35
59425,-0.82,-1.582,0.183,-15.986,-250.137,39.908,0,47
59478,1.127,0.19,-0.761,169.435,4.241,-147.779,0,51
59530,-0.148,0.942,-0.152,-51.107,250.13,-58.992,0,52
59583,-1.307,-0.694,0.542,-200.229,53.023,54.397,0,57
59639,-1.206,-1.541,0.755,-38.498,-250.137,103.87,0,66
59693,0.867,-1.561,-1.03,244.992,-250.137,-91.603,0,70
59747,0.192,-0.597,-0.816,98.71,250.13,-107.893,0,81
59805,-1.941,-0.15,0.828,-250.137,250.13,60.328,0,86
59859,-1.754,-0.614,1.29,-120.13,-250.137,33.756,0,90
59914,0.559,-0.472,-0.402,204.466,-250.137,-156.985,0,76
59967,-0.022,0.478,-0.249,29.359,250.13,-53.061,0,71
60024,-2.0,-1.465,-0.452,-249.611,250.13,148.26,0,125
60079,-2.0,-1.46,1.33,-177.763,-204.435,4.567,0,79
60137,-0.576,-1.808,-0.049,64.725,-250.137,-49.435,199,160
60198,0.954,0.528,-0.544,76.313,-5.229,-230.0,0,0
60257,-0.648,-0.063,0.086,-147.802,250.13,-114.992,0,91
60312,-1.516,-0.775,0.672,-119.595,-208.206,98.924,0,105
60365,-1.079,-2.0,0.275,8.122,-250.137,218.924,0,51
60408,1.318,-1.177,-0.837,152.374,-120.962,-143.756,45,53
60453,0.835,-0.886,-0.644,125.672,250.13,-184.634,45,61
60506,-1.705,0.54,-0.06,-6.921,250.13,22.723,0,53
60558,-2.0,-0.789,1.679,-124.924,-120.492,106.656,5,12
60613,-1.394,-0.725,0.323,58.687,-250.137,7.382,0,40
60658,0.687,0.652,-0.735,106.168,-62.427,-129.878,40,76
60712,-1.35,-1.317,-0.084,-176.702,243.863,54.122,0,32
60765,-1.77,-1.999,0.038,-211.16,221.206,56.031,0,38
60821,-0.815,-1.151,0.809,-57.197,-45.974,45.763,0,54
60874,0.396,-0.586,0.138,136.206,-139.786,-82.702,0,59
60931,0.645,0.253,-0.714,114.214,120.641,-202.618,0,125
60988,-1.545,0.042,0.743,-83.305,45.618,-96.916,0,135
61048,-1.593,-1.41,-0.53,-38.334,-250.137,204.206,200,179
61146,1.867,-1.137,-1.216,95.992,87.779,-7.585,0,83
61210,-0.27,-0.463,-1.001,111.427,250.13,-65.733,0,187
61271,-2.0,-0.026,1.831,-195.244,82.832,33.303,0,192
61326,-1.601,-0.541,-0.465,-116.534,-250.137,98.389,0,93
61373,0.266,-1.168,-0.56,2.45,-250.137,55.58,30,116
61425,-0.725,-0.602,0.106,-83.382,154.122,117.046,0,51
61480,-1.719,-1.817,0.337,-199.473,82.229,114.321,0,32
61533,-0.512,-1.141,0.169,-72.496,-128.496,-0.656,0,42
61592,0.181,-0.217,-0.452,61.664,54.977,-85.947,0,94
61643,-0.946,0.631,0.572,-119.573,-98.168,-4.379,0,26
61699,-1.208,-1.008,0.144,-98.641,-250.137,36.725,0,43
61757,0.039,-1.726,-0.641,70.275,-250.137,-99.351,0,80
61811,-0.051,-0.889,0.035,63.305,169.55,48.122,0,81
61867,-1.334,-1.04,0.235,-86.84,148.817,200.45,0,86
61921,-1.239,-0.88,0.735,-75.733,-85.191,105.229,0,88
61976,-0.164,-0.557,0.592,16.817,-250.137,9.437,0,89
62021,0.949,0.397,-0.137,52.168,-33.442,-99.916,33,88
62076,-0.31,-0.119,-0.343,-3.5,250.13,-63.435,0,88
62135,-2.0,-0.755,0.342,-202.053,31.046,162.786,0,92
62191,-1.644,-1.396,-0.32,-226.763,-250.137,128.863,0,101
62247,-0.164,-1.656,-0.349,-66.969,-243.053,-4.821,0,111
62304,0.25,-0.816,-0.471,86.626,182.229,-180.527,0,103
62360,-1.831,0.086,0.464,-119.786,250.13,-74.962,0,115
62417,-1.845,-1.295,0.397,-142.473,-250.137,131.534,0,125
62471,-0.206,-1.377,-0.146,81.847,-250.137,22.31,0,55
62527,1.272,-0.145,-0.903,176.359,74.023,-86.931,0,59
62585,-1.824,-0.461,-0.102,-89.336,250.13,35.0,0,132
62646,-2.0,-1.605,0.946,-139.58,-218.969,91.603,0,134
62699,-0.425,-1.132,0.177,49.893,-250.137,23.31,0,44
62749,1.516,0.543,-0.796,84.985,73.672,-108.046,38,54
62801,-0.372,0.593,-0.702,6.026,250.13,-44.718,0,73
62860,-2.0,-0.526,0.585,-219.13,200.527,94.046,0,92
62912,-1.91,-1.094,-0.007,-196.458,-250.137,126.176,0,57
62967,-0.337,-1.379,0.142,-101.473,-250.137,102.137,0,61
63020,0.619,-0.689,-0.387,79.725,119.656,-107.267,0,57
63075,-0.864,-0.373,-0.351,33.832,250.13,-152.886,0,66
63131,-1.407,-0.508,0.576,-150.649,-103.242,-108.641,0,66
63183,-1.028,-0.543,0.482,-191.832,-250.137,-94.328,0,58
63239,1.959,-2.0,-1.659,111.534,-250.137,-59.779,0,45
63292,0.27,-0.685,0.035,148.176,250.13,30.821,0,69
63348,-1.934,-0.863,-0.31,32.099,250.13,69.649,0,79
63403,-2.0,-0.748,0.665,-90.664,-250.137,5.981,0,85
63455,-0.661,-0.416,-0.192,-66.044,-250.137,-20.397,0,51
63510,1.802,0.096,-0.708,96.733,60.16,-54.771,0,50
63565,-0.814,0.303,-1.057,74.198,250.13,22.259,0,60
63623,-2.0,-0.917,1.527,-152.267,115.763,120.542,0,96
63676,-1.632,-1.4,-0.849,-158.702,-250.137,65.412,0,63
63731,0.454,-1.467,-0.477,-50.013,-250.137,34.176,0,60
63784,0.739,-0.403,-0.607,92.756,250.13,-112.153,0,59
63837,-0.861,-0.192,-0.369,21.252,250.13,-140.267,160,106
63933,-1.636,-0.93,-0.367,-112.595,-250.137,43.893,0,76
63987,0.717,-2.0,-0.702,86.092,-250.137,53.382,0,79
64044,1.13,-0.895,0.224,170.863,217.908,5.506,0,89
64098,-0.543,-0.201,-0.248,182.313,250.13,-39.176,0,90
64152,-2.0,0.768,1.243,30.26,235.718,-83.527,0,89
64206,-1.908,0.009,0.424,-128.275,-250.137,-74.45,0,94
64251,0.583,-0.539,-1.066,-40.141,-250.137,-89.725,46,72
64295,1.41,0.045,-0.154,114.069,167.794,2.359,44,71
64350,-1.622,-1.033,-0.753,54.84,250.13,73.244,0,94
64403,-2.0,-1.225,0.889,-228.847,177.511,39.13,154,114
64458,-1.347,-1.212,-0.231,-214.771,-250.137,6.494,0,113
64517,0.467,-0.753,0.205,-86.252,-250.137,39.771,0,106
64572,1.369,-0.17,-0.263,75.603,108.55,-22.786,0,105
64628,0.166,-0.211,-0.363,132.42,250.13,-33.854,0,126
64683,-2.0,-0.471,0.473,97.023,230.244,75.695,0,91
64739,-2.0,-1.586,-0.553,-150.405,-250.137,40.985,0,119
64795,-0.865,-1.556,-0.352,-86.267,-250.137,47.939,0,125
64855,0.737,-0.673,-0.017,92.855,-57.702,11.919,0,167
64911,0.2,0.12,-0.118,86.13,250.13,-46.962,0,121
64968,-1.568,0.658,0.058,-36.334,250.13,-35.092,183,120
65022,-2.0,-0.245,-0.123,-250.137,-250.137,-0.136,175,101
65076,-1.249,-0.706,-0.331,-229.878,-250.137,55.809,170,97
65128,-0.437,-1.101,-0.378,44.489,-138.618,43.351,166,98
65182,-1.294,-0.864,-0.648,-1.855,210.779,0.814,162,117
65238,-2.0,-0.735,0.005,-209.16,-54.527,62.634,197,118
65291,-0.883,-0.634,-0.235,-175.076,-250.137,53.672,147,104
65343,0.173,-0.475,0.187,-55.975,-250.137,23.464,149,108
65402,0.773,-0.207,-0.38,30.046,10.008,-117.26,182,135
65458,-1.138,-0.907,-0.3,-2.58,250.13,-63.214,0,117
65511,-2.0,-1.61,0.257,-179.824,-13.264,185.0,154,99
65563,-1.368,-1.054,0.059,-139.069,-250.137,136.672,147,110
65618,-0.547,-0.879,0.659,-35.287,-250.137,91.611,170,134
65676,0.875,-0.226,-0.362,112.466,-97.855,-125.42,0,135
65730,-1.034,0.346,-0.091,-83.924,250.13,-78.664,165,127
65784,-1.839,-0.428,0.039,-246.275,-0.739,104.931,160,112
65839,-0.809,-0.185,0.628,-153.168,-245.924,90.878,157,128
65898,0.31,-0.315,-0.708,58.962,-115.573,-11.02,0,110
65952,-2.0,-0.022,0.195,-204.229,107.489,61.16,183,104
66007,-2.0,-2.0,0.775,-228.817,-138.473,46.275,0,92
66061,0.427,-1.752,-0.246,111.55,-250.137,-102.145,0,89
66116,0.376,0.593,-0.614,16.0,225.237,-180.817,0,97
66171,-1.871,-1.091,0.5,-250.137,40.374,73.145,0,102
66226,-1.319,-1.323,1.118,-23.439,-250.137,138.076,0,76
66278,0.867,-0.641,-0.905,250.13,-167.954,-140.137,0,52
66335,-0.799,-0.023,0.431,-81.901,250.13,41.553,0,82
66391,-1.469,-1.714,0.62,-230.069,113.092,147.954,0,101
66444,-1.233,-1.565,0.75,30.863,-220.863,-51.756,0,74
66504,0.425,0.64,-0.478,183.71,-9.507,-164.603,0,182
66556,-0.628,0.935,0.625,-208.725,-34.54,50.42,0,53
66609,-1.446,-1.386,0.987,-153.145,-250.137,53.969,0,49
66705,-1.22,0.095,0.37,-24.726,250.13,-74.015,0,56
66758,-1.1,-1.661,0.483,-242.496,-15.709,89.29,0,64
66814,-0.726,-1.711,0.376,8.634,-176.847,43.91,0,70
66869,0.672,0.406,-0.358,78.985,-44.448,-49.58,0,78
66923,0.019,0.549,0.296,-93.634,36.634,67.29,0,82
66977,-0.499,-1.388,0.976,-71.096,-83.397,57.542,0,85
67033,-0.187,-1.99,-0.142,198.336,-14.794,-93.771,0,99
67088,-1.014,-0.494,0.917,-74.427,96.634,59.611,0,111
67145,-0.859,-1.534,1.315,-140.725,-238.977,201.16,0,122
67200,0.987,-0.628,0.162,131.366,-52.061,-174.092,0,92
67256,0.373,0.158,-1.001,81.344,250.13,-139.473,0,102
67315,-2.0,0.124,1.734,-221.504,225.863,52.756,0,117
67369,-2.0,-1.725,0.69,-98.305,-250.137,93.588,0,87
67417,0.659,-2.0,-1.289,101.756,-250.137,-167.115,45,107
67472,0.782,-0.683,-0.809,51.817,250.13,-214.244,0,93
67526,-1.621,0.115,0.385,-215.557,250.13,-30.198,0,94
67582,-2.0,-1.512,0.778,-118.916,-250.137,-32.382,0,101
67635,0.264,-1.061,-0.71,111.405,-250.137,-84.0,0,56
67688,1.266,-0.003,-0.794,71.931,122.099,-93.725,0,58
67743,-0.425,-1.57,0.126,-8.75,250.13,53.031,0,47
67796,-1.978,-2.0,0.747,-23.53,4.772,228.718,0,54
67849,-0.776,-1.748,0.421,49.198,-206.191,120.137,0,53
67905,0.596,-0.57,0.337,91.427,-78.183,-25.008,0,50
67957,0.648,0.123,-0.307,91.435,250.13,-81.71,0,59
68018,-0.817,0.365,-0.618,74.84,250.13,-68.939,0,118
68069,-2.0,-0.113,0.961,-139.756,-183.779,-4.719,0,37
68125,-1.636,-0.851,-1.564,-174.649,-250.137,136.389,0,49
68187,-0.391,-1.39,-0.166,-131.679,-250.137,121.031,0,191
68249,0.239,-1.871,-0.952,72.55,215.321,-136.397,0,160
68307,-1.808,-0.242,0.184,-59.641,250.13,-68.221,0,158
68367,-1.87,-0.552,0.277,-199.962,-250.137,-32.183,0,169
68422,-0.613,-0.638,-0.643,-98.412,-250.137,84.863,0,84
68477,1.416,-0.247,-0.965,78.229,-185.122,-35.588,0,105
68533,-0.796,-2.0,-0.382,-8.28,250.13,-50.71,0,80
68588,-2.0,-1.63,0.66,-124.863,65.618,250.13,0,108
68641,-1.135,-1.264,0.748,-22.121,-197.198,147.008,0,50
68697,0.507,-0.747,-0.116,111.962,-171.137,-19.634,0,46
68753,0.471,0.458,-0.522,98.863,216.618,-24.473,0,38
68805,-1.216,0.6,0.21,-125.702,202.718,92.282,0,46
68859,-1.823,-0.552,0.331,-181.832,-91.198,33.916,0,27
68911,-1.924,-1.742,-0.23,-93.237,-185.122,45.542,0,16
68965,-1.296,-0.424,0.586,-18.044,-82.26,177.924,0,21
69016,-0.493,-0.191,0.315,-29.164,-90.389,123.29,0,21
69071,0.355,-0.108,-0.15,-62.649,-24.046,-78.145,0,23
69126,-0.34,-0.44,-0.035,-40.285,99.55,-225.771,0,79
69183,-2.0,-0.746,0.545,-98.748,-105.969,-36.053,0,79
69238,-1.255,-1.157,-0.143,-76.634,-250.137,211.023,0,82
69293,0.324,-1.028,0.033,15.244,-250.137,17.585,0,81
69347,0.303,-0.505,-0.268,57.244,143.824,-187.328,0,83
69402,-1.96,-0.224,0.89,-156.176,250.13,-82.786,0,83
69491,-0.669,-0.95,0.094,-37.329,-250.137,54.718,38,98
69537,1.336,0.363,-0.747,47.656,-31.346,-108.863,36,88
69593,-0.843,0.59,0.269,-66.214,250.13,11.567,0,92
69651,-2.0,-2.0,0.205,-176.87,-128.802,209.802,0,93
69704,-1.147,-1.685,0.059,-97.679,-250.137,94.282,0,55
69760,0.651,-1.187,-0.629,-18.433,-143.611,19.064,0,35
69821,-0.172,-0.455,-0.593,-54.574,250.13,-119.985,0,84
69875,-2.0,-0.885,1.098,-185.718,104.603,-92.855,0,92
69926,-1.496,-0.728,0.215,-90.794,-250.137,11.221,0,51
69981,1.763,-1.327,-1.91,160.947,-250.137,-70.496,0,27
70031,0.326,-0.764,-0.388,52.382,250.13,-18.453,0,27
70085,-2.0,-1.562,1.203,-85.344,150.145,155.389,0,35
70129,-1.313,-1.813,0.532,31.916,-250.137,94.489,39,24
70170,1.408,-0.841,-0.548,68.931,-208.779,-72.511,35,23
70211,0.725,0.165,-0.513,38.389,250.13,-67.809,38,22
70263,-1.088,0.773,0.346,-123.229,250.13,-8.337,0,57
70317,-2.0,-1.114,1.266,-177.191,-222.458,-21.336,0,22
70359,0.022,-1.243,-0.374,54.145,-250.137,-55.55,39,27
70409,1.012,-0.083,-0.62,106.275,108.29,-55.305,0,25
70463,-1.431,-0.685,0.53,-144.099,250.13,97.221,0,33
70517,-1.689,-2.0,0.835,-72.725,-133.038,39.519,0,44
70572,0.449,-1.216,-0.477,140.863,-156.137,-108.282,0,30
70622,-0.351,0.558,0.042,-43.044,202.573,-80.687,0,31
70676,-0.897,-0.367,0.789,-163.26,-72.611,64.244,0,32
70727,-0.69,-1.998,-0.183,79.45,-250.137,-13.418,0,34
70781,1.379,-0.547,-0.611,232.473,-22.065,-97.809,0,35
70833,-0.579,-0.809,0.397,-62.029,250.13,56.702,0,38
70888,-0.835,-1.812,0.727,-39.977,12.115,71.023,0,38
70939,0.174,-0.656,-0.162,129.137,107.832,-117.076,0,37
70992,-1.476,0.835,0.749,-92.046,183.962,-27.679,0,38
71048,-1.239,-0.605,0.83,-92.359,-250.137,49.916,0,36
71099,0.603,-0.545,-0.592,129.443,-131.573,-96.947,0,36
71154,-1.118,0.001,0.094,-55.005,238.847,79.634,0,42
71205,-1.899,-2.0,0.61,-148.031,-10.459,115.603,0,42
71261,-0.502,-1.961,0.416,21.84,-198.817,19.965,0,46
71313,0.666,-0.286,-0.342,61.802,143.634,-66.702,0,48
71372,-1.122,0.425,0.849,-172.321,130.55,-53.725,0,62
71437,-1.288,-0.864,0.317,-53.352,-250.137,-63.031,0,68
71492,1.543,-0.412,-1.209,233.267,-101.824,-167.237,0,69
71546,-0.346,-0.916,0.087,21.534,250.13,120.214,0,71
71603,-1.599,-2.0,0.387,-52.338,138.756,189.786,0,76
71658,-0.388,-1.149,0.385,124.725,-5.44,4.008,0,76
71713,-0.385,0.041,-0.117,95.092,146.588,-102.626,0,76
71770,-1.437,0.444,0.612,-111.076,-42.414,-50.473,0,81
71826,-1.13,-0.574,0.402,-81.168,-250.137,-42.947,0,82
71881,0.948,-0.336,-0.715,137.886,-80.74,-80.847,0,84
71942,-1.652,-0.632,-0.343,-72.221,250.13,52.802,5,31
72001,-2.0,-2.0,0.016,-194.595,-148.298,66.58,0,128
72059,-0.698,-1.471,-0.319,-81.511,-250.137,20.217,0,120
72117,1.175,0.298,-0.216,-65.725,-128.58,-22.878,0,120
72217,-0.4,-0.067,0.257,15.954,101.832,47.542,165,131
72276,-1.163,-0.692,0.36,-51.226,-177.702,125.634,0,133
72339,-1.281,-2.0,-0.077,-67.84,-250.137,130.748,0,0
72388,1.026,-1.842,-0.277,156.16,-119.29,98.672,0,0
72456,0.398,-0.621,-0.311,178.053,250.13,-53.298,0,168
72516,-2.0,0.71,0.982,-121.145,216.527,35.143,0,158
72580,-1.806,-0.87,0.346,-125.267,-250.137,37.061,0,0
72629,1.302,-0.043,-1.022,105.229,-99.313,-109.046,0,0
72678,-0.853,1.11,-0.409,-8.76,250.13,31.389,0,0
72726,-2.0,-1.798,0.565,-250.137,8.17,150.687,0,0
72773,-2.0,-1.916,-0.113,-128.008,-250.137,38.725,0,166
72836,0.126,-1.818,-1.038,3.397,-250.137,-38.718,0,198
72898,-0.095,0.34,-0.171,-90.489,196.168,60.16,0,187
72957,-1.217,-1.67,0.67,-155.504,-223.305,73.023,0,90
73015,0.841,-0.673,-0.483,118.45,-159.412,-103.588,0,93
73072,-0.538,-0.048,0.319,-55.661,92.183,42.466,0,94
73129,-1.182,-2.0,0.604,-63.992,-180.282,63.344,0,104
73187,0.669,-1.32,-0.366,175.252,-33.79,-89.183,5,33
73245,-1.255,0.759,0.379,-89.55,250.13,52.305,0,112
73305,-2.0,-1.518,0.623,-129.916,-164.511,1.626,0,147
73359,0.493,-0.595,-0.244,65.756,-210.511,-72.26,0,34
73415,-0.214,0.47,-0.129,-33.427,239.504,-5.071,0,46
73469,-1.867,-0.934,0.757,-156.305,12.611,120.763,0,45
73523,-1.408,-2.0,0.21,-29.221,-250.137,65.55,0,36
73577,0.304,-1.886,-0.322,21.855,-203.26,38.313,0,37
73630,0.42,-0.622,-0.591,-9.932,158.603,15.171,0,42
73684,-1.203,-0.247,1.013,-169.733,119.702,-96.305,0,51
73741,-1.466,-0.75,0.023,-53.796,-250.137,-141.206,0,83
73797,1.48,-0.005,-1.137,129.893,-250.137,-82.061,0,74
73852,0.861,-0.08,-0.519,90.298,226.511,100.618,0,74
73912,-0.608,-1.767,0.243,-6.63,250.13,177.969,0,75
73968,-1.185,-1.911,0.389,54.542,139.878,127.443,0,89
74025,-0.563,-0.997,0.444,81.099,15.855,22.768,0,86
74082,-0.205,-0.226,-0.101,92.099,146.779,-72.496,0,92
74139,-0.843,0.29,0.338,-21.442,165.969,-95.565,0,99
74196,-1.687,-0.201,0.607,-88.595,-250.137,-34.802,0,103
74252,-0.35,-0.479,-0.198,-23.75,-250.137,30.878,0,60
74306,-0.033,-1.486,-0.46,27.847,97.771,37.618,0,39
74368,-1.869,-1.766,0.846,-110.191,67.26,8.202,0,123
74424,-0.87,-1.316,0.155,-85.901,-250.137,19.086,0,85
74487,1.097,-0.742,-0.607,25.885,-149.695,-25.115,0,0
74545,-0.119,0.113,-0.052,-15.429,250.13,-38.931,0,99
74602,-1.694,-0.644,1.085,-76.511,-217.13,88.473,0,110
74658,-0.032,-1.822,-0.852,39.954,-250.137,72.802,0,63
74713,0.982,-1.361,-0.785,107.481,178.221,-93.916,0,58
74768,-1.203,-0.282,0.535,-83.672,250.13,69.527,0,54
74823,-1.954,-1.561,1.519,-112.275,-206.45,-22.503,0,56
74882,0.885,-1.11,-0.645,168.802,-222.977,-86.649,0,62
74937,0.177,0.692,-0.427,44.748,250.13,-75.557,0,76
74992,-2.0,-0.518,1.175,-138.985,14.534,59.664,0,63
