Timestamp(ms),AccelX(g),AccelY(g),AccelZ(g),GyroX(deg/s),GyroY(deg/s),GyroZ(deg/s),DistanceLeft(cm),DistanceRight(cm)
34253,-0.128,-0.981,0.178,0.326,-3.143,-5.96,102,81
34300,-0.122,-0.972,0.196,0.398,0.245,-2.9,102,80
34349,-0.138,-0.983,0.199,-0.015,1.211,-1.094,103,81
34396,-0.128,-0.969,0.209,-0.288,-1.547,-0.118,103,80
34444,-0.127,-0.979,0.204,-1.149,-2.33,0.843,103,82
34491,-0.12,-0.978,0.208,-0.531,-1.79,1.517,103,79
34539,-0.119,-0.972,0.192,-0.908,-2.057,1.431,104,80
34589,-0.123,-0.979,0.211,0.109,-2.319,2.63,103,80
34637,-0.121,-0.983,0.226,0.679,-2.198,3.326,103,80
34684,-0.114,-0.974,0.19,0.916,-2.236,1.403,103,80
34733,-0.112,-0.973,0.211,1.491,-1.199,1.057,102,82
34781,-0.116,-0.983,0.22,2.205,-1.191,1.469,101,95
34829,-0.116,-0.978,0.211,2.203,-0.96,0.761,102,96
34878,-0.113,-0.979,0.204,1.951,-1.273,-0.222,102,96
34926,-0.119,-0.977,0.204,2.559,1.132,-0.071,102,96
34974,-0.126,-0.982,0.188,2.14,1.123,-0.311,102,95
35026,-0.132,-0.98,0.202,3.951,3.087,0.194,102,96
35075,-0.124,-0.975,0.217,4.745,4.206,1.462,102,94
35123,-0.124,-0.979,0.212,4.615,4.595,1.859,103,94
35172,-0.123,-0.993,0.229,7.435,9.138,4.552,103,95
35220,-0.14,-0.98,0.252,9.11,12.019,4.816,105,94
35274,-0.145,-0.969,0.239,5.788,5.708,2.345,0,96
35329,-0.15,-0.955,0.25,8.679,3.724,0.589,0,95
35382,-0.146,-0.96,0.221,7.299,1.983,1.446,0,78
35435,-0.153,-0.963,0.236,9.243,3.45,0.733,0,77
35487,-0.145,-0.952,0.226,7.868,4.033,0.354,0,74
35538,-0.138,-0.948,0.236,6.62,5.899,1.621,0,77
35592,-0.162,-0.956,0.251,3.254,3.784,0.421,0,76
35645,-0.157,-0.944,0.258,3.329,1.124,0.82,0,76
35700,-0.16,-0.954,0.273,5.709,0.39,2.658,0,122
35755,-0.155,-0.967,0.28,7.508,1.157,1.591,0,91
35809,-0.147,-0.948,0.275,10.206,8.671,1.427,0,90
35864,-0.167,-0.926,0.299,9.979,13.37,3.997,0,118
35919,-0.183,-0.933,0.305,10.442,4.98,5.111,0,115
35968,-0.164,-0.941,0.291,11.212,5.005,4.969,102,87
36025,-0.157,-0.942,0.301,11.324,7.18,5.983,0,87
36078,-0.168,-0.931,0.306,14.892,13.323,9.298,0,86
36132,-0.175,-0.966,0.323,11.042,7.176,5.698,0,84
36186,-0.164,-0.916,0.323,13.934,14.972,6.285,0,83
36235,-0.161,-0.949,0.375,18.122,12.861,13.256,113,83
36283,-0.094,-0.996,0.322,23.786,27.237,14.082,101,81
36331,-0.061,-1.003,0.467,23.4,44.878,19.125,103,81
36385,0.083,-1.187,0.447,44.069,73.107,45.809,0,105
36440,-0.032,-1.448,0.575,33.511,59.328,58.023,0,79
36497,0.267,-0.935,-0.151,56.366,59.962,17.601,0,100
36553,-0.319,0.111,0.319,12.682,125.595,-74.252,5,36
36614,-0.392,-0.292,0.255,31.336,26.969,-148.183,0,195
36666,-0.147,-1.505,-0.194,20.165,78.534,-204.221,76,188
36718,-0.313,-1.988,-0.27,24.168,97.733,-175.252,83,172
36771,-0.401,-1.359,0.606,-73.115,105.496,-85.992,92,171
36868,-0.606,-0.799,0.099,11.859,124.42,-174.374,105,177
36921,-0.907,-0.508,0.481,16.446,66.282,9.703,94,169
36975,-0.086,-0.882,0.045,21.661,-147.275,42.427,68,169
37028,0.433,-0.906,-0.208,-19.901,-51.573,4.04,95,173
37082,0.03,-1.115,0.231,-7.155,32.489,9.474,97,174
37135,-0.138,-0.932,0.48,-19.595,-46.786,4.876,99,164
37188,0.092,-0.964,0.336,-2.4,-82.672,31.267,113,165
37241,0.202,-0.982,0.232,0.343,-59.351,25.875,114,163
37296,0.212,-0.991,0.218,3.641,-31.084,14.933,114,163
37350,0.155,-1.058,0.183,4.523,-18.971,14.954,114,170
37403,0.044,-1.02,0.362,-8.443,-48.847,16.019,115,162
37462,0.122,-0.949,0.335,6.687,-33.443,8.54,116,185
37515,0.091,-0.957,0.386,12.815,-54.954,5.516,118,164
37569,0.211,-0.978,0.263,10.957,-36.779,-4.977,119,167
37623,0.093,-0.942,0.329,1.863,-22.314,5.325,120,154
37678,0.011,-0.985,0.413,2.173,-19.321,-1.594,122,164
37733,-0.015,-0.889,0.37,14.626,-18.782,-1.344,124,190
37787,0.019,-0.922,0.329,9.964,-27.695,0.096,125,159
37842,-0.025,-0.967,0.419,2.55,-24.948,2.781,151,153
37898,0.065,-0.894,0.41,14.055,-40.16,18.37,152,154
37956,0.197,-0.868,0.314,12.619,-33.931,20.611,125,183
38012,0.15,-0.981,0.348,8.73,-15.471,15.494,125,187
38066,0.107,-0.878,0.375,5.662,-16.144,2.34,127,154
38123,0.14,-0.912,0.314,4.732,-13.857,0.658,153,177
38182,0.057,-0.893,0.389,2.162,-25.36,5.845,0,177
38239,0.034,-0.925,0.399,4.073,-21.752,15.563,153,180
38299,0.063,-1.013,0.405,-0.09,-28.503,11.612,0,183
38359,0.094,-0.921,0.416,5.655,-23.127,9.6,0,176
38421,0.03,-0.9,0.489,11.023,-25.172,17.382,0,177
38481,0.121,-0.925,0.384,20.441,-15.003,32.863,0,188
38541,0.102,-0.917,0.375,14.199,-3.085,26.567,0,179
38600,0.072,-0.906,0.41,10.703,-10.128,19.326,0,182
38661,0.046,-0.903,0.438,6.29,-16.583,11.555,0,187
38721,0.095,-0.863,0.393,5.132,-13.875,7.193,0,185
38780,0.038,-0.878,0.429,3.384,-5.958,14.092,0,180
38841,0.073,-0.887,0.383,1.31,4.181,11.141,0,0
38888,0.002,-0.911,0.461,-1.353,16.234,6.716,0,0
38955,0.006,-0.884,0.455,-1.78,5.413,4.251,0,180
39014,-0.02,-0.915,0.437,-2.385,3.489,2.907,0,176
39073,-0.078,-0.901,0.477,-0.619,9.246,7.5,0,174
39133,-0.087,-0.926,0.492,1.177,-2.674,1.343,0,176
39192,-0.069,-0.927,0.454,1.78,-11.225,-3.013,0,184
39252,-0.027,-0.875,0.454,2.704,-9.941,4.031,0,181
39312,0.025,-0.889,0.409,3.133,6.072,7.143,0,183
39373,-0.043,-0.903,0.441,-1.19,12.287,3.447,0,0
39420,0.008,-0.853,0.402,-2.05,3.509,-4.782,0,0
39481,-0.031,-0.924,0.424,-4.134,9.462,-8.378,0,0
39542,-0.05,-0.874,0.461,-5.738,6.497,-9.578,0,164
39602,-0.017,-0.892,0.413,-2.518,7.682,-10.888,0,163
39661,-0.046,-0.922,0.398,-5.079,18.641,-8.403,0,177
39763,-0.072,-0.928,0.419,-7.319,13.524,-12.654,0,176
39824,-0.138,-0.907,0.445,-9.151,4.853,-8.762,0,181
39884,-0.195,-0.92,0.461,-8.405,-16.047,1.265,0,0
39932,-0.375,-0.847,0.583,-9.348,-40.443,11.704,0,0
39979,-0.639,-0.963,0.578,1.511,27.519,32.015,0,185
40038,-1.368,-0.602,0.684,43.573,32.397,94.924,0,178
40102,-0.842,-1.376,-0.157,3.247,-194.053,178.252,0,0
40158,0.454,-1.258,-0.514,-21.786,-122.992,126.397,0,102
40214,0.552,-0.911,-0.033,-60.74,-53.863,87.473,0,109
40269,0.395,-0.808,0.269,-78.641,-90.137,48.427,0,105
40326,0.316,-1.143,0.289,-66.42,-58.244,-17.044,0,119
40383,0.148,-1.161,0.382,-37.878,-3.146,-9.373,0,123
40439,-0.184,-0.96,0.561,-33.305,53.153,-25.718,0,122
40496,-0.335,-1.104,0.5,-17.664,-35.053,-39.359,0,121
40554,-0.11,-0.944,0.114,-15.794,17.018,-38.053,161,120
40611,-0.385,-0.927,0.337,-16.076,33.931,-23.672,159,182
40666,-0.295,-0.96,0.226,-6.08,-17.956,-10.985,161,119
40724,-0.143,-0.981,0.119,-14.305,-25.438,-13.251,161,182
40778,-0.189,-0.941,0.218,-11.58,7.351,8.512,161,117
40833,-0.249,-1.021,0.259,-5.934,-20.536,4.665,160,116
40888,-0.065,-0.98,0.108,-9.481,-20.233,6.999,161,133
40944,-0.124,-1.051,0.178,-10.55,-8.384,8.442,0,119
40998,-0.109,-0.988,0.175,-15.221,-22.464,3.335,0,80
41051,-0.107,-0.984,0.174,-9.954,-9.043,5.771,0,81
41105,-0.191,-1.058,0.219,-2.321,-7.194,9.087,0,80
41165,-0.268,-1.035,0.208,8.528,-5.078,17.671,0,94
41219,-0.299,-1.004,0.225,12.511,-12.893,36.321,0,82
41272,-0.374,-0.963,0.171,13.609,-9.207,51.855,0,82
41325,-0.481,-0.965,0.202,13.799,-8.541,80.137,0,78
41379,-0.581,-0.9,0.374,21.089,-19.49,90.924,0,87
41433,-0.737,-0.97,0.386,21.204,-32.802,126.634,0,88
41491,-0.83,-0.939,0.335,46.321,-13.85,135.634,0,111
41546,-1.242,-0.795,0.425,29.145,-26.947,176.328,0,116
41603,-0.922,-0.883,0.493,27.695,-100.977,207.244,0,132
41659,-0.28,-0.91,0.232,56.756,-110.107,169.824,0,137
41715,-0.163,-0.614,0.198,33.481,-76.687,123.87,0,116
41768,-0.184,-0.359,0.144,28.435,-38.71,67.473,0,86
41823,-0.618,0.164,0.433,10.089,26.031,63.618,0,85
41876,-0.751,0.017,0.651,-38.992,-33.832,31.672,0,85
41929,-0.628,-0.096,0.797,-37.206,-56.901,24.825,0,84
41986,-0.405,-0.142,0.662,-16.313,-45.328,10.987,0,82
42040,-0.484,-0.083,0.667,-29.74,-9.048,-0.95,0,81
42093,-0.594,-0.046,0.712,-28.618,-20.607,-5.451,0,80
42146,-0.528,-0.038,0.697,-38.527,-9.877,0.096,0,80
42200,-0.611,-0.032,0.803,-37.748,-2.644,1.661,0,77
42253,-0.496,-0.1,0.61,-45.702,-8.547,3.003,0,76
42306,-0.561,-0.208,0.711,-59.122,7.312,12.907,0,74
42358,-0.526,-0.25,0.723,-52.107,26.214,12.627,0,72
42412,-0.571,-0.235,0.836,-41.45,27.122,27.458,0,71
42468,-0.505,-0.316,0.834,-25.641,35.893,24.505,0,68
42563,-0.229,-0.694,0.631,-13.557,31.878,4.554,0,61
42615,0.168,-0.593,-0.004,16.382,43.969,-30.626,0,56
42673,-0.233,-0.258,0.003,47.504,136.153,-47.305,5,29
42727,-1.068,-0.959,-0.078,152.115,156.733,-139.183,0,86
42778,-1.878,-1.083,0.64,81.87,230.779,-94.924,155,79
42831,-1.521,-0.499,0.156,105.053,20.769,-123.008,0,77
42884,-0.716,-0.282,-0.415,74.886,112.786,-120.847,0,57
42941,-0.975,-0.478,0.018,35.435,97.954,-138.733,0,73
42995,-0.853,-0.758,0.06,-14.107,31.524,-132.267,0,46
43047,-1.037,-1.105,-0.012,13.329,64.985,-127.763,0,53
43104,-1.216,-0.941,-0.301,48.481,67.634,-75.206,0,133
43158,-0.928,-0.689,-0.026,-10.183,-6.587,-23.626,0,81
43211,-0.516,-0.707,-0.193,-18.672,-14.03,-16.301,0,80
43267,-0.561,-0.711,-0.103,-10.664,25.992,-3.767,0,101
43323,-0.532,-0.853,-0.097,0.677,-0.196,-9.523,0,137
43379,-0.429,-0.891,-0.116,-15.878,-8.161,-11.535,0,121
43438,-0.47,-0.983,0.045,-1.624,-23.864,-6.173,0,105
43492,-0.338,-0.936,-0.104,15.835,10.494,-22.954,0,103
43547,-0.64,-0.872,0.141,-4.691,-19.712,-12.671,0,106
43602,-0.269,-0.905,-0.114,1.412,-35.412,-25.954,0,103
43660,-0.51,-0.845,0.162,-1.975,17.127,-8.948,0,143
43715,-0.456,-1.037,0.149,17.663,-15.627,-16.064,0,107
43772,-0.297,-1.02,0.002,19.459,-22.231,-14.997,0,149
43828,-0.399,-0.873,0.117,17.359,5.378,-4.673,0,107
43882,-0.357,-0.898,0.014,14.126,-7.297,-20.253,0,80
43940,-0.442,-0.887,0.06,2.609,2.598,-20.45,0,109
43994,-0.426,-0.934,0.224,7.496,-13.214,16.474,0,86
44048,-0.405,-0.931,0.206,9.044,-17.937,3.082,0,88
44101,-0.308,-0.989,0.172,14.914,-20.792,6.052,0,63
44153,-0.366,-0.906,0.225,22.511,-22.08,3.089,0,69
44207,-0.24,-0.898,0.144,22.183,-6.636,-3.039,0,63
44259,-0.384,-0.889,0.252,23.543,-9.067,-0.432,0,62
44312,-0.264,-0.907,0.207,21.156,-8.482,-4.942,0,73
44365,-0.364,-0.866,0.298,14.161,4.543,-2.913,0,67
44423,-0.352,-0.872,0.301,18.451,-7.462,-4.031,0,78
44476,-0.296,-0.875,0.251,18.515,-0.939,-0.317,0,76
44529,-0.352,-0.839,0.308,12.877,0.253,0.565,0,79
44582,-0.33,-0.876,0.305,13.257,-9.801,1.498,0,59
44635,-0.307,-0.871,0.323,12.183,-5.324,1.826,0,59
44687,-0.32,-0.86,0.345,9.664,-4.74,3.616,0,59
44740,-0.247,-0.837,0.381,14.145,-3.248,2.3,0,60
44792,-0.324,-0.912,0.432,15.457,-3.189,-5.418,0,59
44845,-0.293,-0.866,0.355,10.803,-1.049,-4.634,0,58
44901,-0.314,-0.831,0.4,14.808,9.883,-7.64,0,58
44953,-0.321,-0.856,0.373,20.391,6.746,-7.236,0,58
45005,-0.25,-0.794,0.33,14.329,16.363,-9.682,0,60
45059,-0.328,-0.835,0.429,15.017,27.087,-8.987,0,61
45111,-0.382,-0.823,0.422,14.638,13.696,-11.883,0,61
45164,-0.318,-0.795,0.395,9.247,9.162,-10.276,0,62
45217,-0.356,-0.855,0.43,9.559,18.817,-10.357,0,65
45314,-0.338,-0.822,0.407,7.236,0.524,-8.192,0,68
45367,-0.341,-0.815,0.44,7.368,13.194,-7.27,0,73
45424,-0.348,-0.821,0.458,7.287,10.893,-7.643,0,81
45477,-0.365,-0.852,0.462,7.399,9.294,-7.002,0,82
45532,-0.339,-0.823,0.454,8.405,2.312,-6.638,0,89
45587,-0.364,-0.836,0.463,6.159,1.17,-4.485,0,96
45641,-0.347,-0.813,0.446,5.142,3.401,-1.278,0,83
45696,-0.29,-0.82,0.475,10.97,11.915,2.086,0,84
45750,-0.284,-0.839,0.46,11.008,2.322,-5.16,0,91
45803,-0.246,-0.817,0.432,7.3,11.32,-12.921,0,71
45857,-0.302,-0.851,0.48,10.303,17.934,-15.374,0,81
45915,-0.34,-0.824,0.477,7.287,6.97,-19.857,5,25
45968,-0.299,-0.832,0.467,10.895,12.739,-14.935,0,79
46022,-0.311,-0.812,0.469,13.869,18.934,-11.373,0,80
46076,-0.271,-0.827,0.448,6.653,16.646,-21.169,0,80
46131,-0.316,-0.848,0.499,10.689,18.48,-13.434,0,83
46185,-0.339,-0.825,0.449,8.613,10.182,-19.608,0,84
46239,-0.312,-0.799,0.457,9.17,10.434,-14.177,0,86
46294,-0.322,-0.811,0.476,8.756,15.533,-13.613,0,85
46351,-0.325,-0.81,0.489,5.667,0.664,-11.303,0,148
46408,-0.249,-0.829,0.508,1.341,4.173,-17.015,0,83
46462,-0.148,-0.841,0.489,5.643,12.19,-18.267,0,84
46517,-0.088,-0.814,0.43,8.554,43.137,-27.74,0,82
46573,-0.223,-0.867,0.452,6.603,53.656,-48.229,0,113
46629,-0.272,-0.922,0.465,2.012,29.058,-54.191,0,112
46690,-0.219,-0.789,0.442,-5.703,-7.735,-59.008,0,196
46750,-0.121,-0.873,0.492,-1.54,15.869,-37.962,0,194
46808,-0.009,-0.789,0.436,9.479,16.111,-14.27,0,139
46860,0.06,-0.919,0.423,6.221,-1.654,-6.807,44,0
46916,0.075,-1.069,0.344,3.241,9.14,-44.794,67,0
46955,0.063,-1.17,0.284,-5.768,33.29,-80.962,50,0
47008,-0.076,-1.208,0.327,-9.078,55.382,-104.802,57,0
47058,-0.303,-1.044,0.387,-3.617,68.55,-117.962,59,166
47113,-0.433,-0.922,0.508,1.918,16.521,-103.947,62,0
47166,-0.173,-0.704,0.327,12.297,-0.399,-55.611,65,0
47219,0.159,-0.698,0.28,21.885,13.485,-26.733,66,0
47272,0.262,-0.925,0.704,6.335,2.48,0.083,67,0
47326,0.029,-1.254,0.95,39.374,-65.679,21.757,68,0
47383,0.332,-0.64,0.143,56.878,-53.321,-2.541,69,0
47436,0.287,-0.736,-0.095,22.366,50.931,-38.534,71,0
47491,0.053,-0.703,0.323,-17.695,104.466,-8.746,72,0
47544,-0.319,-0.986,0.97,-37.015,-15.982,-33.832,73,0
47598,0.044,-0.898,0.928,-20.763,-101.328,-5.88,72,0
47652,0.246,-0.852,0.664,13.349,-48.702,1.842,74,0
47706,0.195,-0.79,0.675,5.518,15.463,31.786,70,0
47759,0.167,-0.796,0.714,15.764,-11.225,44.649,68,0
47813,0.281,-0.793,0.6,12.275,-30.618,41.626,68,0
47869,0.176,-0.72,0.546,10.263,-28.802,28.398,68,0
47923,0.315,-0.679,0.403,8.009,-10.057,25.983,67,0
47977,0.293,-0.708,0.368,-8.305,19.285,28.641,66,0
48073,0.22,-0.779,0.557,-14.71,-17.43,29.42,65,0
48126,0.223,-0.885,0.498,-15.687,-14.746,27.634,65,0
48185,0.192,-0.916,0.533,-18.099,-12.948,30.725,65,0
48238,0.076,-0.871,0.686,-15.145,-11.945,4.166,64,0
48290,0.094,-0.824,0.552,-2.61,-7.361,18.164,64,0
48343,0.123,-0.9,0.476,-4.452,-6.781,25.106,64,0
48398,0.061,-0.869,0.471,-2.856,16.295,35.305,65,0
48434,-0.02,-0.888,0.429,-8.646,15.65,51.618,19,0
48483,-0.11,-0.909,0.419,-12.588,10.804,49.183,18,0
48520,-0.274,-0.851,0.443,-19.489,-26.608,18.019,21,0
48574,-0.181,-0.733,0.377,-25.534,-27.198,34.992,106,0
48610,-0.197,-1.021,0.631,-15.603,41.58,134.298,17,0
48657,-0.331,-1.289,0.647,-0.945,62.321,180.557,22,150
48704,-0.536,-1.216,0.82,14.911,72.16,236.679,22,149
48763,-0.637,-1.281,0.699,58.145,73.191,250.13,0,127
48818,-0.637,-0.917,0.252,82.008,54.496,250.13,0,102
48869,-0.726,-0.214,0.234,79.565,2.215,161.542,130,106
48919,-0.404,0.465,-0.105,58.344,-10.23,126.42,126,108
48970,-0.553,0.516,-0.044,15.786,48.122,87.977,124,110
49021,-0.919,0.066,0.114,14.324,64.206,108.672,122,111
49073,-1.05,0.004,0.309,-7.918,36.527,89.0,121,114
49123,-0.809,0.146,0.286,-11.298,6.681,72.947,121,115
49174,-0.799,0.321,0.238,-2.948,25.466,61.092,121,115
49227,-0.895,0.309,0.342,-3.64,9.322,51.359,120,114
49278,-0.814,0.456,0.183,4.735,-5.364,35.679,121,118
49330,-0.763,0.474,0.08,-17.618,14.906,33.045,120,119
49381,-0.904,0.45,0.21,-31.313,29.397,19.254,120,118
49427,-0.907,0.426,0.239,-27.374,19.179,27.794,39,113
49474,-0.824,0.414,0.217,-27.053,13.632,32.118,40,116
49519,-0.801,0.448,0.218,-21.893,12.873,34.771,37,107
49565,-0.756,0.45,0.238,-11.053,21.306,36.351,39,106
49610,-0.778,0.466,0.184,-6.512,25.0,20.98,36,106
49659,-0.809,0.477,0.163,-9.083,18.352,14.221,37,117
49704,-0.783,0.449,0.172,-1.791,22.023,14.006,38,105
49751,-0.821,0.505,0.228,-6.373,22.415,2.304,39,106
49801,-0.841,0.486,0.194,-3.229,10.196,6.054,127,105
49852,-0.858,0.432,0.242,1.467,5.859,0.984,126,105
49903,-0.858,0.42,0.237,15.582,3.968,9.428,128,105
49954,-0.853,0.338,0.249,23.244,-4.662,8.193,129,117
50001,-0.9,0.356,0.369,29.977,-18.487,-3.005,38,135
50053,-0.879,0.384,0.25,45.954,-31.733,-9.746,133,107
50108,-0.991,0.357,0.462,55.55,-44.107,-8.502,123,134
50153,-0.968,0.475,0.377,77.832,-78.595,-19.887,38,94
50208,-0.952,0.592,0.364,80.046,-110.458,-34.924,0,100
50252,-0.876,0.855,0.056,89.504,-113.886,-55.901,37,84
50296,-0.733,0.901,-0.044,71.817,-125.931,-52.275,36,76
50340,-0.522,0.968,-0.244,62.061,-101.824,-53.985,36,75
50384,-0.495,0.751,-0.122,14.324,-81.58,-27.954,37,73
50438,-0.51,0.294,-0.097,-8.451,-65.756,18.456,0,69
50484,-0.401,0.076,0.06,-57.763,-14.816,33.344,32,69
50570,-0.906,-0.483,0.938,41.481,22.817,2.524,28,69
50613,-1.051,0.018,0.981,28.939,86.489,-71.359,29,62
50656,-1.438,0.174,0.806,60.183,61.0,-78.115,38,62
50699,-1.393,0.5,0.513,71.405,10.752,-85.687,29,55
50742,-1.155,0.565,0.277,72.26,-43.817,-75.916,28,69
50785,-0.821,0.628,0.055,68.435,-71.618,-53.832,30,81
50831,-0.587,0.679,-0.109,54.076,-50.687,-33.634,26,111
50879,-0.587,0.684,-0.122,33.046,-48.603,8.226,131,58
50934,-0.778,0.348,-0.078,28.595,-21.952,4.002,0,55
50990,-1.099,0.368,-0.097,48.588,33.588,-39.443,0,52
51033,-1.214,0.566,0.127,54.489,64.092,-19.018,24,51
51074,-1.024,0.769,0.357,25.618,24.851,-5.385,25,50
51117,-0.838,0.567,0.182,22.928,17.681,19.845,29,50
51158,-0.803,0.461,0.062,16.835,23.275,8.064,26,49
51201,-0.959,0.403,0.036,18.072,13.579,11.47,30,50
51243,-0.971,0.395,0.045,14.188,-1.674,23.555,29,50
51284,-0.828,0.404,0.073,9.28,-4.202,18.453,28,51
51330,-0.806,0.47,0.012,16.957,6.391,16.575,29,52
51372,-0.865,0.474,0.046,15.462,-1.847,5.273,28,52
51414,-0.901,0.542,0.052,8.643,-5.07,3.386,27,53
51457,-0.835,0.593,0.056,-3.422,4.759,6.14,29,54
51499,-0.84,0.528,0.177,-27.366,-1.797,5.866,29,55
51542,-0.843,0.371,0.166,-26.321,-6.234,4.03,29,56
51584,-0.809,0.423,0.239,-17.718,3.748,3.185,30,57
51627,-0.83,0.417,0.304,-18.985,-2.285,5.169,29,57
51670,-0.76,0.497,0.334,-13.038,-4.278,5.02,31,58
51725,-0.822,0.458,0.295,-8.959,-9.229,2.558,0,59
51781,-0.838,0.486,0.296,-8.027,-1.528,9.065,0,61
51824,-0.794,0.458,0.274,-11.366,-14.279,6.499,31,60
51867,-0.75,0.425,0.286,-13.397,-13.037,2.692,31,61
51910,-0.744,0.402,0.322,-8.128,-9.999,1.032,32,62
51953,-0.76,0.374,0.324,-2.364,-14.767,-5.44,31,62
51996,-0.801,0.423,0.352,0.793,-13.811,-4.144,30,61
52039,-0.778,0.486,0.246,9.821,-11.964,-7.306,32,60
52082,-0.79,0.547,0.227,6.428,0.291,-5.084,36,61
52139,-0.841,0.528,0.265,-2.421,-1.954,7.435,0,63
52195,-0.792,0.485,0.281,-4.394,-5.941,8.09,0,59
52248,-0.773,0.465,0.285,-2.16,0.959,6.324,0,62
52304,-0.777,0.48,0.275,-11.779,-1.555,2.219,0,63
52347,-0.766,0.431,0.255,-13.45,-5.277,-2.947,33,63
52390,-0.778,0.43,0.28,-12.901,2.545,-7.578,32,59
52433,-0.74,0.417,0.261,-16.244,3.178,-8.166,32,58
52476,-0.61,0.388,0.199,-36.794,-1.984,-24.931,33,60
52520,-0.573,0.316,0.163,-60.191,-6.13,-55.985,36,58
52576,-0.49,0.247,0.098,-73.427,-2.755,-92.756,0,60
52632,-0.535,0.065,0.13,-90.969,22.968,-139.664,0,56
52680,-0.588,-0.127,0.239,-115.565,31.168,-174.115,129,54
52732,-0.725,-0.417,0.352,-116.252,17.034,-232.962,135,99
52785,-0.708,-0.965,0.208,-85.687,12.264,-235.611,143,97
52842,-1.008,-1.161,0.336,-5.856,74.489,-203.565,0,145
52942,-1.041,-0.976,0.481,9.578,30.649,-235.55,0,140
52993,-0.873,-1.42,0.41,24.565,-5.155,-218.443,87,109
53046,-0.658,-0.967,0.426,79.45,-33.038,-133.71,77,142
53097,-0.359,-0.83,0.232,48.756,-45.885,-59.481,76,145
53148,-0.182,-0.852,0.088,62.511,-4.465,-15.623,77,145
53198,-0.108,-0.918,0.04,28.382,25.588,-12.354,75,143
53250,-0.105,-0.995,0.253,-0.065,29.588,-16.947,74,147
53301,0.026,-0.982,0.327,-1.926,-8.726,-11.411,74,165
53354,-0.034,-0.859,0.554,-9.159,-26.511,-11.868,103,150
53404,0.11,-0.952,0.423,12.289,-29.084,-11.003,73,148
53456,0.171,-0.936,0.356,6.519,-19.702,-15.074,87,156
53512,0.17,-0.954,0.409,6.546,-7.373,-21.725,74,157
53563,0.148,-0.911,0.435,7.552,-2.339,-27.29,75,156
53614,0.135,-0.853,0.41,11.22,22.225,-36.237,77,157
53668,0.026,-0.919,0.444,4.795,-16.373,-28.977,78,0
53722,-0.009,-0.836,0.443,-1.377,-40.084,-30.878,78,180
53777,0.183,-1.177,0.342,3.427,-79.519,-29.198,136,164
53831,0.425,-0.711,0.357,-5.16,-23.302,-33.58,81,0
53885,0.205,-0.943,0.518,4.165,12.555,-40.275,83,0
53944,0.272,-0.86,0.438,2.552,-42.763,-56.443,157,0
54006,0.378,-0.936,0.379,1.907,16.137,-48.168,156,0
54061,0.313,-0.978,0.387,7.077,32.565,-52.511,88,0
54120,0.254,-0.84,0.404,8.249,9.857,-32.198,158,0
54174,0.281,-0.941,0.368,-3.62,12.402,-40.122,90,0
54232,0.156,-0.725,0.511,3.556,2.814,-24.603,129,0
54288,0.252,-0.565,0.301,29.771,-36.275,-22.488,127,0
54345,0.11,-0.55,0.637,34.122,-51.702,-10.373,126,0
54403,0.536,-0.814,0.458,58.366,-115.046,-11.841,126,0
54460,0.565,-1.316,0.539,76.122,-82.847,27.284,142,0
54525,0.341,-1.088,0.677,92.015,-143.069,50.13,138,0
54582,-0.155,-0.947,0.546,146.45,-232.122,112.588,133,0
54642,0.268,-0.846,-0.229,164.557,-250.137,130.473,0,0
54701,1.121,-0.539,-1.082,149.977,-123.321,37.244,166,0
54759,0.353,-0.343,-0.019,48.71,20.617,116.695,168,0
54815,0.882,-0.736,-0.288,3.448,-28.023,90.588,140,0
54872,0.61,-0.85,0.087,-28.924,-51.763,78.26,131,0
54928,0.868,-0.943,-0.069,-5.74,-55.214,91.45,129,0
54979,0.716,-0.947,-0.003,13.044,15.14,73.458,79,112
55032,0.626,-1.169,0.088,8.269,21.773,62.038,76,0
55087,0.558,-0.952,0.241,8.058,26.26,46.985,108,0
55137,0.441,-1.093,0.266,13.802,-0.82,50.427,108,106
55186,0.42,-0.865,0.274,28.084,-9.543,34.969,103,108
55235,0.365,-0.864,0.244,25.25,13.042,33.479,106,105
55286,0.24,-0.83,0.274,10.936,25.168,16.97,128,106
55335,0.047,-1.004,0.264,4.135,41.817,27.916,107,103
55385,-0.148,-0.95,0.334,8.839,35.534,42.053,108,99
55438,-0.19,-0.89,0.422,8.385,6.422,73.588,129,98
55489,-0.16,-0.981,0.358,14.993,-16.081,85.71,146,94
55539,-0.038,-0.948,0.311,19.702,-21.6,90.496,145,79
55592,-0.12,-1.051,0.378,18.182,-10.56,89.137,0,79
55689,-0.091,-1.008,0.27,12.552,-19.42,61.435,0,78
55742,-0.308,-0.819,0.393,2.944,-6.399,48.603,0,78
55795,-0.377,-0.741,0.344,5.33,-33.901,47.366,0,77
55848,-0.562,-0.739,0.363,4.424,-36.672,41.687,0,78
55902,-0.65,-0.784,0.395,-2.331,-45.443,49.229,0,77
55958,-0.777,-0.938,0.414,-13.344,-53.084,63.756,0,80
56012,-0.78,-1.314,0.442,4.261,-57.0,81.847,0,97
56068,-0.661,-1.395,0.478,27.29,-27.787,80.947,0,100
56122,-0.562,-0.979,0.538,80.328,22.322,142.557,0,101
56179,-0.605,-0.514,0.738,78.458,-23.447,195.458,0,140
56236,-0.493,-0.465,0.528,99.794,-99.389,197.55,0,124
56291,-0.16,-0.481,0.132,151.412,-45.931,164.588,0,124
56347,-0.288,0.174,0.481,76.595,147.153,112.344,0,126
56404,-0.984,0.363,0.836,-9.506,87.023,78.473,0,130
56459,-0.64,0.383,0.625,-13.046,-22.956,77.412,122,134
56514,-0.415,0.283,0.512,-0.262,-11.197,84.145,0,104
56569,-0.443,0.363,0.53,-12.969,5.942,63.588,0,106
56625,-0.553,0.275,0.699,-39.405,1.129,42.252,0,108
56680,-0.558,0.171,0.738,-26.908,-10.082,28.907,0,108
56735,-0.579,0.166,0.745,-11.908,-14.145,25.694,0,107
56791,-0.563,0.177,0.803,1.337,-6.133,15.825,0,107
56837,-0.572,0.159,0.746,-2.342,-27.718,-27.725,9,36
56885,-0.518,0.179,0.627,23.382,-22.544,-41.496,29,104
56930,-0.536,0.327,0.643,37.16,-13.332,-54.405,30,105
56984,-0.603,0.378,0.619,27.542,-11.437,-66.489,0,103
57029,-0.745,0.459,0.562,17.533,-16.619,-69.183,27,102
57074,-0.781,0.492,0.531,12.185,-13.429,-54.595,27,100
57119,-0.78,0.508,0.553,11.795,-2.086,-35.305,30,100
57164,-0.791,0.533,0.556,10.443,6.629,-17.424,29,100
57209,-0.75,0.454,0.546,7.564,2.831,1.267,29,101
57254,-0.717,0.417,0.535,5.455,5.061,15.241,30,99
57309,-0.63,0.425,0.483,-6.497,6.417,21.411,27,99
57354,-0.652,0.398,0.441,-20.16,17.717,14.682,26,100
57398,-0.716,0.408,0.497,-30.374,18.401,25.288,30,99
57442,-0.693,0.428,0.472,-40.229,7.32,27.71,8,30
57486,-0.736,0.383,0.535,-50.954,30.386,33.313,26,99
57531,-0.729,0.331,0.519,-49.947,27.641,34.397,24,100
57575,-0.765,0.272,0.504,-44.061,27.992,31.893,24,101
57619,-0.712,0.364,0.443,-48.511,41.099,36.275,26,102
57666,-0.829,0.339,0.328,-47.794,59.137,40.061,24,149
57717,-0.793,0.444,0.255,-71.649,38.122,47.718,22,163
57764,-0.698,0.237,0.288,-109.863,63.031,42.687,25,147
57812,-0.813,-0.197,0.523,-132.588,86.252,39.389,25,164
57858,-0.817,-0.454,0.824,-110.519,43.16,6.969,23,115
57903,-0.473,-0.336,0.588,-64.389,35.313,-33.786,24,111
57947,-0.527,-0.204,0.348,-21.672,97.489,-62.595,25,106
57993,-0.833,-0.109,0.349,5.397,111.924,-76.611,39,104
58043,-1.029,-0.068,0.319,7.779,98.771,-85.206,130,100
58100,-1.121,-0.13,0.253,12.663,61.313,-72.733,0,96
58155,-1.025,-0.226,0.124,24.382,71.511,-61.427,0,92
58242,-1.017,-0.285,0.083,40.656,59.359,-68.374,25,90
58286,-1.046,-0.232,0.08,40.351,60.603,-67.58,26,87
58329,-1.116,-0.305,0.042,42.939,54.023,-57.069,25,86
58373,-1.066,-0.289,0.011,43.107,49.687,-44.305,24,85
58416,-1.109,-0.334,0.016,38.252,27.611,-34.511,26,85
58460,-0.879,-0.336,-0.072,28.679,4.643,-35.328,24,84
58504,-0.859,-0.34,-0.046,24.87,26.053,-33.214,30,84
58550,-0.999,-0.385,-0.033,26.374,24.637,-27.725,29,83
58603,-1.031,-0.411,-0.053,24.733,11.806,-18.451,0,83
58657,-0.925,-0.47,-0.073,10.896,5.499,-12.177,0,81
58711,-0.913,-0.481,0.03,8.452,2.332,-7.484,0,82
58765,-0.766,-0.607,0.132,9.725,-9.901,-15.277,0,83
58818,-0.537,-0.926,0.278,45.58,-21.711,-40.74,5,25
58873,-0.4,-1.041,0.215,99.962,0.282,-79.534,0,119
58928,-0.464,-0.88,0.248,117.183,16.49,-130.992,0,94
58982,-0.344,-0.945,0.146,122.13,-3.849,-180.794,0,90
59039,-0.042,-0.789,0.05,79.573,45.053,-213.29,0,84
59094,-0.381,-0.987,0.097,70.878,58.328,-192.305,0,101
59146,-0.389,-1.054,-0.422,77.565,52.534,-197.733,152,97
59202,-0.478,-1.134,-0.453,53.573,106.374,-162.092,0,127
59257,-0.238,-1.36,-0.293,-27.603,124.786,-137.26,171,129
59311,-0.096,-1.499,0.161,-99.809,77.947,-115.886,83,0
59370,0.136,-1.278,0.369,-66.221,-20.101,-67.359,171,0
59428,0.352,-1.063,0.179,-49.947,-67.252,-60.939,167,0
59486,0.315,-0.985,0.182,-58.947,-17.019,-70.71,159,128
59540,0.329,-0.884,0.081,-21.198,46.489,-47.26,157,129
59590,0.27,-0.987,0.026,-3.474,81.893,-8.774,91,131
59644,0.241,-0.854,0.083,2.468,72.214,14.22,91,0
59684,0.242,-0.95,0.2,-17.023,11.551,19.267,91,0
59739,0.335,-0.988,0.193,-3.842,-24.812,21.089,91,0
59780,0.439,-0.887,0.107,2.088,-35.924,14.479,92,0
59838,0.495,-0.944,0.097,-5.25,-15.502,3.243,162,0
59881,0.424,-0.891,0.179,6.42,26.87,0.139,148,0
59942,0.365,-0.981,0.169,9.235,10.509,-1.084,160,0
59983,0.368,-0.938,0.141,16.809,22.834,-5.532,94,0
60038,0.292,-0.935,0.164,17.649,28.462,-3.154,93,0
60078,0.28,-0.962,0.181,11.307,3.642,-2.667,93,0
60132,0.291,-0.914,0.197,10.277,-1.885,-3.81,94,0
60187,0.291,-0.938,0.187,7.485,-0.792,-2.082,96,0
60246,0.279,-0.927,0.23,11.743,-1.778,3.985,163,0
60304,0.291,-0.963,0.203,10.373,-10.407,3.672,165,0
60364,0.293,-0.916,0.18,7.191,-9.134,10.23,0,0
60428,0.273,-0.891,0.204,9.38,-5.211,16.484,0,0
60475,0.275,-0.91,0.202,5.519,-6.731,23.462,0,0
60533,0.282,-0.911,0.203,5.782,0.726,21.056,179,0
60580,0.216,-0.952,0.191,10.568,10.705,37.076,0,0
60627,0.165,-0.958,0.227,3.014,11.329,50.489,0,0
60687,0.136,-0.947,0.211,2.927,-1.095,38.916,0,0
60744,0.146,-0.953,0.215,-0.091,5.385,41.015,139,0
60805,0.086,-0.932,0.241,-1.854,3.921,35.046,0,0
60905,0.042,-0.981,0.207,-9.804,-3.673,37.061,137,0
60965,0.024,-1.008,0.197,-10.595,-1.689,28.305,0,190
61029,-0.064,-1.045,0.222,-13.359,5.592,39.336,0,0
61072,-0.081,-1.014,0.264,-9.996,-5.148,40.366,137,0
61132,-0.076,-0.996,0.246,-3.14,-7.259,38.527,0,0
61190,-0.097,-0.981,0.21,-2.354,2.314,35.947,0,133
61246,-0.123,-0.956,0.156,2.16,12.194,34.153,0,132
61303,-0.193,-0.972,0.152,-2.201,19.54,33.573,0,131
61360,-0.223,-0.974,0.15,-2.513,11.028,29.137,0,130
61417,-0.237,-1.017,0.119,-3.974,8.742,28.219,0,128
61473,-0.267,-0.951,0.114,-1.321,13.181,20.135,0,128
61533,-0.317,-0.946,0.114,-3.992,14.431,16.127,0,127
61589,-0.349,-0.925,0.083,-3.2,13.592,14.666,0,126
61646,-0.345,-0.922,0.076,-5.44,11.552,18.647,0,125
61703,-0.37,-0.883,0.108,-6.217,20.593,19.169,0,126
61759,-0.44,-0.913,0.093,-3.529,13.432,14.384,0,124
61815,-0.48,-0.858,0.075,-6.226,7.584,14.081,0,124
61872,-0.501,-0.83,0.022,-8.897,6.677,20.498,0,123
61928,-0.498,-0.789,-0.018,-13.885,2.07,32.16,0,123
61988,-0.51,-0.805,-0.057,-19.153,-2.415,39.107,0,123
62045,-0.688,-0.791,-0.002,-29.16,-12.906,35.824,0,124
62101,-0.767,-0.673,-0.193,-39.687,-49.183,34.191,0,123
62157,-0.646,-0.788,-0.42,-65.954,-93.366,25.187,0,125
62215,-0.306,-1.406,-0.232,-111.008,-28.328,-49.282,0,127
62272,-0.876,-1.589,0.874,-126.992,-114.137,-53.718,0,129
62327,-0.475,-1.239,0.406,31.198,-250.137,16.27,0,114
62384,0.231,-0.609,-0.116,91.038,-158.389,-10.43,0,114
62438,-0.067,-0.733,-0.279,81.588,10.143,-39.008,0,81
62496,-0.4,-0.593,-0.161,11.025,102.336,-61.214,0,88
62552,-0.875,-1.064,0.497,-58.893,31.038,-56.832,0,110
62609,-0.827,-0.738,0.871,-17.969,-103.023,10.792,0,126
62662,-0.27,-0.848,0.254,23.527,-120.107,39.618,0,75
62716,-0.042,-0.627,0.111,26.55,3.724,39.969,0,75
62771,-0.153,-0.948,0.184,10.258,66.221,61.137,0,92
62825,-0.454,-0.925,0.588,10.741,63.374,81.405,0,86
62879,-0.703,-1.209,0.577,43.183,23.692,123.511,0,85
62935,-1.148,-0.872,0.306,92.282,4.159,112.969,0,85
62994,-1.416,-0.207,0.3,86.237,-10.116,177.427,0,113
63046,-1.073,-0.163,0.117,66.954,-44.634,195.55,138,116
63098,-0.668,-0.182,0.201,30.412,-70.427,177.893,133,110
63150,-0.274,-0.066,0.494,-34.382,-110.626,104.916,130,96
63205,-0.127,-0.059,0.448,-29.924,-77.275,42.702,0,99
63262,-0.413,0.161,0.476,-8.76,54.16,16.671,0,138
63319,-1.103,0.292,0.651,3.105,34.122,34.099,0,113
63376,-1.004,0.4,0.403,-22.321,-22.566,63.947,0,138
63436,-0.841,0.227,0.542,-49.55,-18.359,88.405,0,133
63493,-0.611,0.155,0.591,-43.489,-25.163,86.672,0,119
63552,-0.558,0.166,0.478,-39.206,5.515,71.542,0,162
63610,-0.908,0.239,0.699,-52.466,16.871,64.954,0,162
63668,-0.883,0.245,0.671,-51.496,-14.457,94.366,0,125
63770,-0.659,0.313,0.738,-34.359,-44.389,145.908,0,167
63830,-0.308,0.03,0.667,-41.473,-69.443,126.481,0,171
63889,-0.008,0.128,0.644,-40.924,-17.237,71.321,0,171
63948,-0.153,0.125,0.788,-35.374,11.477,13.589,0,172
64012,-0.568,0.205,1.081,-16.962,8.207,4.425,0,171
64071,-0.372,0.301,0.898,-5.232,-26.496,-14.722,0,173
64120,-0.293,0.236,0.801,-3.541,-14.449,-26.084,20,170
64169,-0.332,0.27,0.886,-2.153,-9.684,-37.328,20,171
64234,-0.51,0.251,0.969,9.889,-17.003,-39.908,0,171
64292,-0.283,0.334,0.768,10.975,-24.638,-41.565,0,168
64351,-0.51,0.286,0.919,1.757,-23.527,-39.26,5,50
64409,-0.313,0.307,0.845,11.217,-15.71,-33.542,0,167
64466,-0.366,0.362,0.827,12.031,-10.747,-32.496,0,165
64536,-0.386,0.378,0.827,0.834,3.18,-25.626,0,164
64596,-0.401,0.308,0.881,-4.671,5.801,-12.036,0,163
64657,-0.376,0.338,0.875,1.686,0.228,-4.586,0,163
64717,-0.435,0.295,0.855,-2.103,7.047,5.474,0,162
64778,-0.352,0.149,0.823,2.416,16.167,3.955,0,161
64838,-0.427,0.155,0.761,10.655,65.031,-3.397,0,161
64887,-0.38,0.159,0.801,29.481,53.405,-5.956,18,160
64948,-0.2,0.41,0.504,37.405,93.496,-28.748,0,159
65009,-0.537,0.28,0.511,24.473,110.496,-45.939,0,190
65073,-0.699,0.167,0.326,3.294,117.382,-68.534,0,158
65126,-1.02,0.163,0.456,4.361,108.641,-66.389,127,112
65179,-1.133,0.197,0.5,-0.649,80.221,-51.176,129,106
65226,-1.065,0.144,0.42,-0.953,44.084,-33.771,6,32
65284,-1.009,0.111,0.396,7.474,26.298,-33.687,0,102
65331,-1.09,0.058,0.341,21.285,20.154,-30.519,22,103
65387,-1.132,0.108,0.361,10.445,0.688,-26.878,0,102
65444,-1.047,0.135,0.383,4.669,-13.612,-15.255,0,101
65494,-0.949,0.083,0.321,6.443,-16.601,-8.858,22,102
65541,-0.912,0.065,0.28,7.611,-20.649,-6.249,19,103
65588,-0.883,0.015,0.281,-0.047,-19.725,-5.555,20,104
65634,-0.965,0.041,0.428,-3.293,-18.209,-4.694,22,103
65691,-1.042,0.01,0.474,-2.872,-31.336,-0.189,0,104
65748,-1.029,0.005,0.501,0.066,-56.221,8.56,0,106
65796,-0.834,-0.062,0.448,8.008,-60.099,6.899,23,107
65853,-0.8,0.027,0.484,4.893,-56.443,-2.034,0,110
65913,-0.813,0.062,0.564,8.039,-57.076,-0.799,0,152
65966,-0.693,0.087,0.503,11.681,-59.443,2.419,24,153
66026,-0.61,0.102,0.492,-1.759,-48.672,-4.18,0,160
66088,-0.532,0.144,0.582,-4.532,-31.733,-8.567,0,197
66149,-0.54,0.163,0.681,-8.302,-8.647,-17.56,0,153
66207,-0.674,0.059,0.719,-3.666,-4.932,-20.017,0,116
66268,-0.688,0.068,0.672,3.895,-1.166,-16.861,0,157
66327,-0.586,0.103,0.641,2.599,9.35,-12.941,0,145
66387,-0.646,0.132,0.744,-1.838,20.753,-11.867,0,156
66446,-0.639,0.025,0.75,3.521,-3.673,-14.621,0,126
66509,-0.666,-0.166,0.731,13.917,13.819,-62.099,0,156
66569,-0.677,-0.101,0.672,5.98,21.283,-72.481,0,140
