Timestamp(ms),AccelX(g),AccelY(g),AccelZ(g),GyroX(deg/s),GyroY(deg/s),GyroZ(deg/s),DistanceLeft(cm),DistanceRight(cm)
44308,-0.124,-0.031,1.054,0.503,4.236,3.163,85,73
44357,-0.066,-0.016,1.029,0.701,0.406,2.412,85,73
44406,-0.15,-0.038,1.067,0.692,3.283,3.392,85,73
44455,-0.106,-0.028,1.041,0.79,4.317,3.152,85,73
44505,-0.079,-0.134,1.1,-1.118,-0.803,4.007,85,73
44554,-0.122,-0.007,1.069,0.226,6.44,3.116,85,73
44603,-0.11,-0.029,1.049,0.527,0.358,3.496,85,73
44652,-0.135,-0.035,1.051,-0.262,1.118,4.009,85,73
44704,-0.08,-0.008,0.992,-1.214,10.672,4.606,85,73
44753,-0.111,-0.014,1.026,0.886,0.208,2.881,85,73
44803,-0.115,-0.032,1.031,1.074,4.552,2.798,85,73
44852,-0.122,-0.167,1.128,3.642,-1.698,1.221,85,73
44901,-0.138,-0.015,1.073,0.356,5.189,3.186,85,73
44950,-0.117,-0.025,1.047,0.453,-0.982,3.591,85,73
44999,-0.052,-0.019,1.023,0.713,3.934,2.77,85,73
45048,-0.165,-0.034,1.083,0.987,1.885,3.122,85,73
45097,-0.099,-0.028,1.042,0.476,3.47,3.165,85,73
45150,-0.042,-0.166,1.12,-1.227,1.062,4.674,85,73
45199,-0.135,-0.011,1.073,-0.339,7.123,3.507,85,73
45248,-0.121,-0.039,1.046,0.714,-0.647,3.763,85,73
45297,-0.134,-0.022,1.048,0.593,4.279,3.185,85,73
45346,-0.116,-0.027,1.054,0.211,0.108,2.054,85,73
45395,-0.113,-0.011,1.05,0.821,0.135,1.145,85,73
45442,-0.135,-0.023,1.049,-0.033,7.225,1.422,37,73
45492,-0.142,-0.02,1.064,-0.64,2.233,0.656,85,73
45541,-0.064,-0.037,1.002,-1.058,-0.388,0.008,84,73
45590,-0.123,-0.031,1.059,-0.408,5.269,-0.712,37,73
45639,-0.179,-0.047,1.069,-1.448,-2.598,-2.223,84,73
45688,-0.088,-0.042,1.038,0.285,-15.84,-5.757,84,74
45739,-0.091,-0.034,1.077,-1.984,-3.087,-2.839,84,73
45788,-0.054,-0.072,1.043,-0.213,-13.405,-6.277,84,73
45834,-0.06,-0.04,1.025,-1.388,0.283,-7.101,38,74
45881,-0.118,-0.033,1.051,-3.664,12.957,-8.898,30,73
45927,-0.143,-0.064,1.085,-2.098,0.496,-11.321,31,74
45973,0.002,0.019,1.023,-3.272,5.896,-12.649,31,74
46022,-0.143,-0.048,1.066,-5.617,11.475,-9.477,31,74
46069,-0.158,-0.13,1.12,-5.118,-22.931,-8.461,31,75
46116,0.043,-0.103,0.963,-7.257,-12.977,-14.458,37,75
46162,-0.077,-0.085,1.041,-11.267,20.382,-11.267,36,75
46210,-0.104,-0.036,1.031,-6.061,-0.753,-16.061,32,76
46259,-0.043,-0.106,1.02,-8.355,-0.729,-11.855,82,76
46306,-0.0,-0.181,1.035,-6.948,2.835,-5.192,38,77
46356,0.039,-0.15,1.022,-6.093,2.603,-4.344,82,77
46405,0.002,-0.154,1.013,-11.382,17.198,-4.028,82,77
46458,-0.18,-0.217,1.176,-22.069,20.863,-1.721,83,78
46508,-0.178,-0.192,1.274,-2.462,-47.679,-17.985,83,77
46558,0.043,-0.105,1.004,-6.935,-23.366,-14.878,83,87
46608,-0.022,-0.222,1.035,-15.496,-26.84,-12.443,84,84
46658,0.042,-0.326,1.022,-8.022,-33.473,-20.092,84,90
46709,0.162,-0.332,0.905,-7.446,-27.031,-31.626,85,86
46801,0.259,-0.314,0.891,-17.16,-43.74,-87.282,91,74
46858,0.43,-0.304,0.735,-41.534,-43.206,-103.443,0,71
46913,0.45,-0.316,0.759,-61.237,30.015,-105.611,127,69
46964,0.254,-0.401,0.858,-66.267,81.16,-100.939,132,65
47015,0.023,-0.373,0.957,-59.977,83.13,-104.855,109,63
47070,-0.066,-0.379,1.017,-50.038,61.359,-101.534,37,0
47128,0.018,-0.353,0.956,-40.763,49.603,-92.504,119,0
47182,0.057,-0.376,0.984,-32.244,51.542,-86.519,36,0
47233,0.105,-0.374,0.971,-33.374,42.466,-89.832,37,124
47283,0.15,-0.347,0.917,-37.191,56.435,-83.527,38,115
47329,0.042,-0.362,0.949,-33.023,73.718,-76.489,38,66
47378,-0.051,-0.366,0.909,-27.16,86.962,-74.313,38,61
47424,-0.163,-0.32,0.804,-25.855,110.107,-59.359,42,58
47471,-0.349,-0.351,0.776,-36.496,126.137,-38.046,41,56
47518,-0.523,-0.456,0.92,-47.542,93.122,-17.557,63,54
47564,-0.469,-0.603,0.904,-53.893,40.947,-3.089,44,53
47611,-0.321,-0.639,0.812,-61.046,15.984,4.893,46,54
47657,-0.211,-1.2,0.943,-61.534,26.023,1.647,46,55
47704,0.046,-0.681,0.886,-26.534,17.985,-30.733,45,55
47754,-0.175,-0.78,0.8,-69.473,85.725,-10.275,50,55
47800,-0.339,-0.952,1.087,-79.473,0.318,-22.0,44,56
47846,-0.05,-0.924,0.721,-87.489,-59.29,-27.786,42,56
47892,0.171,-1.061,0.527,-86.305,-25.183,-17.237,42,56
47939,0.201,-1.129,0.312,-80.954,63.336,-8.546,44,55
47986,0.041,-1.149,0.208,-83.13,112.748,-9.601,67,54
48033,-0.096,-1.178,0.266,-78.626,91.794,-22.511,51,52
48081,-0.141,-1.088,0.362,-70.634,26.84,-43.756,87,51
48129,-0.007,-1.032,0.292,-63.115,-25.198,-53.412,46,51
48178,0.163,-0.966,0.227,-48.191,0.252,-45.664,44,49
48223,0.166,-0.862,0.207,-28.366,34.84,-28.863,43,47
48269,0.115,-0.8,0.26,-5.936,63.359,-7.78,43,47
48316,0.05,-0.798,0.288,10.305,71.939,0.997,44,71
48363,-0.002,-0.86,0.307,17.145,65.672,-0.533,42,68
48410,0.019,-0.884,0.276,20.794,65.176,-6.717,40,64
48456,-0.01,-0.909,0.28,16.748,70.298,-9.896,41,62
48503,-0.063,-0.961,0.302,14.649,64.168,-12.916,41,60
48549,-0.08,-0.967,0.281,24.351,46.84,-8.698,44,58
48600,-0.068,-1.002,0.241,36.527,34.649,-7.409,50,58
48654,-0.041,-1.052,0.205,40.947,36.374,-6.739,81,152
48710,-0.068,-0.867,0.201,37.534,44.198,-4.315,82,179
48760,-0.114,-0.719,0.257,28.153,31.336,6.136,85,83
48811,-0.099,-0.701,0.26,24.374,5.759,7.691,86,82
48866,-0.058,-0.737,0.222,16.13,4.437,3.844,87,156
48920,-0.119,-0.862,0.265,4.892,9.744,-0.191,87,160
48975,-0.092,-0.86,0.288,-1.216,15.768,-0.011,88,155
49030,-0.145,-0.788,0.372,-11.023,18.656,7.792,87,148
49087,-0.21,-0.838,0.507,-11.649,-19.672,18.695,87,135
49137,-0.149,-1.015,0.496,-6.298,-46.008,20.947,86,84
49188,-0.065,-0.959,0.438,-5.19,-44.664,19.26,84,84
49236,0.01,-0.909,0.37,-10.427,-10.985,14.109,83,57
49326,-0.07,-0.965,0.483,-20.817,17.145,4.518,16,58
49381,-0.013,-1.045,0.415,-14.687,9.772,-10.992,0,60
49443,0.102,-1.105,0.271,0.257,34.336,-42.634,0,178
49505,0.148,-0.849,0.145,12.786,117.466,-33.702,0,144
49568,-0.109,-0.898,0.408,-3.904,124.947,1.578,0,146
49629,-0.228,-0.923,0.597,-9.206,-23.069,17.72,0,136
49690,0.235,-0.953,0.364,-7.471,-97.382,8.326,0,151
49751,0.395,-0.88,0.385,15.618,11.216,-17.664,0,151
49813,-0.014,-0.828,0.375,1.395,26.832,-23.824,0,171
49874,-0.008,-0.825,0.304,-15.015,-8.79,-25.29,0,151
49936,0.042,-0.842,0.303,-33.954,-20.206,-8.626,0,151
49996,0.124,-0.876,0.355,-30.176,-19.038,16.441,0,151
50053,0.219,-0.89,0.439,-20.641,-11.863,21.382,0,65
50117,0.19,-0.964,0.47,-6.438,0.984,13.689,0,151
50173,0.097,-0.926,0.451,20.092,-1.999,20.489,0,62
50236,0.03,-0.937,0.38,24.427,-5.499,26.855,0,171
50293,-0.074,-0.983,0.398,15.954,-19.855,28.687,0,88
50349,-0.1,-1.058,0.411,21.443,-48.588,33.061,0,51
50404,-0.043,-1.05,0.323,26.794,-69.237,31.313,0,51
50460,-0.031,-1.075,0.267,28.031,-66.794,26.397,0,51
50515,0.048,-0.911,0.206,34.679,-54.519,26.977,0,51
50561,0.052,-0.818,0.181,33.695,-23.534,29.634,17,56
50619,-0.043,-0.876,0.248,25.87,-3.793,22.328,0,50
50674,-0.09,-0.915,0.247,14.901,2.393,7.2,0,43
50728,-0.101,-0.925,0.231,-6.757,24.794,-3.341,0,40
50790,-0.097,-0.915,0.275,-24.153,48.031,1.974,0,39
50844,-0.184,-0.93,0.378,-22.656,49.443,8.698,0,37
50897,-0.184,-0.915,0.395,-18.817,27.87,10.34,0,36
50952,-0.17,-0.966,0.407,-21.252,17.511,4.139,0,35
51005,-0.173,-0.95,0.397,-19.649,23.29,2.844,0,35
51059,-0.181,-0.933,0.419,-21.252,21.649,-1.722,0,36
51116,-0.169,-0.914,0.398,-23.588,9.218,-9.269,0,35
51170,-0.119,-0.927,0.383,-24.664,-0.582,-14.412,0,35
51213,-0.065,-0.991,0.335,-22.031,2.516,-17.985,16,36
51266,-0.045,-1.065,0.315,-21.664,9.206,-26.527,0,36
51320,-0.036,-0.973,0.296,-18.084,22.527,-27.252,0,36
51363,-0.091,-0.926,0.356,-10.908,12.211,-20.412,6,35
51406,-0.105,-0.98,0.342,-1.603,-13.985,-23.443,16,36
51449,-0.016,-0.974,0.245,4.926,-19.275,-27.191,5,38
51494,0.045,-0.949,0.184,5.514,4.356,-23.198,16,72
51548,-0.012,-0.937,0.232,4.671,27.519,-9.958,129,52
51600,-0.09,-0.96,0.321,8.162,7.233,2.576,127,67
51651,-0.053,-0.972,0.314,9.847,-27.565,6.519,125,67
51701,0.017,-0.975,0.288,10.695,-42.26,7.951,123,64
51752,0.055,-0.952,0.3,12.557,-45.107,9.85,120,57
51798,0.052,-0.89,0.307,20.405,-51.702,14.219,17,68
51842,0.07,-0.865,0.282,28.107,-58.863,19.71,11,57
51893,0.092,-0.938,0.262,28.305,-58.687,24.969,114,80
51948,0.088,-1.017,0.248,21.924,-55.649,25.885,0,60
52002,0.085,-0.906,0.27,12.267,-56.794,27.389,110,89
52100,0.004,-0.883,0.342,-1.793,-71.748,22.969,107,133
52158,0.017,-0.896,0.326,-5.54,-83.481,19.366,17,133
52206,0.019,-0.913,0.327,-5.29,-86.298,20.664,19,134
52255,-0.001,-0.956,0.326,-2.747,-93.84,21.985,16,134
52315,0.035,-0.964,0.277,6.693,-102.305,27.191,0,135
52372,0.079,-1.001,0.224,14.763,-88.687,35.695,155,137
52425,0.06,-1.002,0.239,17.656,-68.886,31.84,88,143
52477,0.047,-0.962,0.212,22.588,-57.198,26.427,16,142
52531,0.056,-0.938,0.173,25.519,-40.924,24.351,89,143
52585,0.025,-0.891,0.181,20.618,-21.191,25.252,89,145
52637,-0.053,-0.924,0.245,5.892,-21.031,27.206,89,119
52689,-0.072,-0.909,0.289,-3.23,-40.985,27.443,90,118
52742,-0.073,-0.884,0.311,-15.847,-57.031,26.443,92,117
52800,-0.077,-0.94,0.323,-26.58,-66.427,19.939,0,117
52848,-0.028,-0.97,0.315,-26.55,-64.557,9.888,17,117
52896,0.013,-0.941,0.308,-24.366,-50.466,10.392,16,117
52952,-0.023,-0.97,0.295,-12.542,-38.0,20.458,91,117
53000,-0.033,-0.964,0.3,-2.487,-36.45,27.893,16,117
53048,-0.06,-0.959,0.284,-5.302,-38.412,26.924,17,118
53100,-0.076,-0.966,0.311,-11.42,-49.29,19.802,91,120
53148,-0.066,-1.003,0.306,-14.847,-63.511,10.332,16,121
53208,-0.048,-1.007,0.308,-6.486,-74.687,8.719,0,122
53266,0.024,-1.0,0.245,9.87,-75.397,9.721,0,125
53315,0.08,-0.942,0.176,14.962,-37.015,11.519,16,137
53374,0.012,-0.944,0.233,11.023,-7.139,12.038,0,136
53438,-0.067,-0.976,0.281,5.832,-18.985,4.94,0,137
53497,-0.037,-0.985,0.243,2.675,-35.252,1.069,0,137
53557,0.02,-0.972,0.217,6.013,-27.336,4.801,0,138
53606,0.046,-0.931,0.233,5.849,-6.063,9.134,16,139
53666,-0.014,-0.971,0.309,6.568,-4.7,6.668,0,139
53715,-0.008,-0.957,0.281,4.168,-7.871,3.111,16,140
53765,-0.006,-0.976,0.284,-0.311,-4.766,4.994,16,141
53825,-0.013,-0.971,0.289,-0.101,-7.383,7.731,0,142
53884,0.019,-0.917,0.295,3.997,-9.524,13.768,0,144
53944,0.009,-0.93,0.302,1.857,-10.031,13.888,0,72
54000,0.043,-0.922,0.294,-0.859,-12.115,7.003,0,73
54055,0.048,-0.913,0.321,-1.049,-6.853,2.111,0,73
54102,0.046,-0.943,0.323,-0.467,-5.226,-0.174,16,74
54147,0.043,-0.962,0.318,-1.323,-2.548,1.041,16,75
54203,0.044,-0.991,0.312,-0.383,-4.314,3.44,0,76
54259,0.057,-0.956,0.299,1.16,-5.831,5.018,0,76
54316,0.04,-0.941,0.288,1.056,-5.077,2.023,0,76
54372,0.045,-0.948,0.29,-2.313,-3.664,-1.901,0,77
54431,0.032,-0.963,0.31,-3.372,-5.695,-6.159,0,78
54488,0.045,-0.94,0.291,-0.581,-5.766,-6.622,0,78
54544,0.037,-0.917,0.307,0.806,-1.18,-6.547,0,79
54600,0.031,-0.937,0.308,2.178,0.791,-7.687,0,80
54657,0.031,-0.946,0.295,1.602,3.19,-3.75,0,80
54703,0.031,-0.912,0.303,3.189,6.899,3.927,16,81
54759,0.011,-0.898,0.344,3.54,3.89,5.66,0,83
54859,0.072,-0.933,0.35,4.763,1.132,9.694,0,85
54916,0.035,-0.968,0.405,3.938,-10.58,12.873,192,88
54975,0.059,-0.937,0.38,7.556,-34.794,12.281,188,88
55031,0.107,-0.929,0.327,6.816,-39.847,13.806,186,90
55088,0.124,-0.947,0.319,5.028,-33.901,13.435,183,89
55144,0.097,-0.937,0.328,2.148,-36.672,14.737,181,91
55200,0.109,-0.913,0.322,0.239,-43.237,13.256,179,91
55256,0.122,-0.906,0.302,-2.193,-36.542,10.698,178,91
55312,0.101,-0.921,0.335,-4.029,-31.344,6.448,176,91
55368,0.074,-0.95,0.351,-3.548,-37.809,5.021,175,92
55424,0.078,-0.968,0.351,0.394,-44.076,7.72,174,93
55483,0.095,-0.978,0.336,4.641,-48.321,11.187,173,93
55539,0.107,-0.94,0.321,10.511,-43.534,15.129,172,95
55595,0.091,-0.911,0.323,12.443,-44.634,19.634,171,96
55651,0.094,-0.898,0.313,9.802,-50.275,20.244,170,98
55710,0.121,-0.888,0.303,5.687,-48.672,19.321,167,167
55762,0.142,-0.883,0.309,2.502,-39.397,18.687,17,168
55814,0.132,-0.871,0.319,1.208,-33.641,17.942,17,168
55865,0.129,-0.883,0.306,0.147,-27.863,20.053,17,168
55913,0.115,-0.933,0.308,-2.585,-20.679,19.962,18,130
55967,0.122,-0.976,0.308,-0.998,-12.336,18.277,16,167
56029,0.112,-0.945,0.282,1.983,-5.342,18.924,5,50
56078,0.071,-0.933,0.28,1.702,1.392,21.351,16,123
56126,0.066,-0.97,0.293,-2.948,-0.618,19.043,17,121
56185,0.063,-1.0,0.287,-5.016,-3.595,13.181,0,121
56247,0.048,-0.967,0.289,-3.331,-1.882,10.985,0,166
56306,0.023,-0.968,0.273,-1.961,-3.194,5.826,0,115
56365,0.013,-0.936,0.253,-0.028,0.742,4.524,0,114
56418,-0.007,-0.933,0.231,0.32,4.498,6.414,0,29
56478,-0.018,-0.952,0.236,1.85,3.501,3.183,0,78
56534,-0.023,-0.982,0.215,0.464,4.682,-1.391,0,66
56579,-0.027,-0.973,0.21,-5.223,13.05,-2.176,16,64
56637,-0.044,-0.962,0.244,-9.26,14.722,1.574,0,109
56696,-0.079,-0.985,0.279,-8.35,1.729,4.597,0,109
56750,-0.019,-0.974,0.232,-3.532,-5.315,5.995,0,25
56803,0.0,-0.954,0.211,-1.724,11.478,6.717,0,26
56857,-0.028,-0.969,0.233,-1.706,20.137,4.864,0,24
56910,-0.03,-0.969,0.238,-0.456,18.252,3.724,0,23
56967,-0.009,-0.985,0.227,1.886,22.656,2.47,0,26
57021,0.008,-0.992,0.215,3.886,32.595,-0.078,0,24
57074,-0.005,-0.985,0.234,4.809,43.763,-4.969,0,23
57127,-0.035,-0.981,0.26,7.607,52.038,-8.916,0,24
57182,-0.066,-1.012,0.283,8.718,54.061,-15.008,0,25
57245,-0.046,-0.989,0.27,7.909,56.573,-18.237,0,0
57303,-0.074,-0.975,0.293,5.695,57.069,-18.443,85,0
57360,-0.071,-0.958,0.315,6.087,53.061,-14.076,81,0
57416,-0.058,-0.895,0.364,6.913,46.405,-10.343,80,0
57475,-0.027,-0.946,0.409,12.718,24.16,-16.008,78,167
57526,0.033,-0.933,0.361,18.756,26.389,-8.686,16,168
57581,0.02,-0.922,0.337,21.435,42.832,2.946,76,169
57679,0.038,-0.889,0.349,27.664,36.405,9.973,73,172
57731,0.072,-0.907,0.382,22.237,30.107,0.826,72,120
57783,0.13,-0.918,0.355,14.153,32.076,-9.35,71,121
57834,0.128,-0.894,0.381,5.723,37.275,-14.008,70,121
57886,0.119,-0.943,0.405,0.602,31.084,-15.611,70,122
57943,0.121,-0.931,0.424,-3.105,21.115,-14.832,72,0
58002,0.164,-0.874,0.401,-7.809,25.847,-16.847,71,0
58062,0.108,-0.843,0.449,-7.918,36.45,-20.687,135,0
58123,0.067,-0.83,0.452,-11.13,32.878,-23.061,137,0
58186,0.072,-0.853,0.417,-15.954,30.84,-20.802,0,0
58250,0.101,-0.839,0.381,-16.466,39.282,-16.198,185,0
58313,0.078,-0.792,0.377,-17.13,51.198,-7.622,183,0
58376,0.027,-0.845,0.371,-21.786,51.405,-1.991,184,0
58439,0.021,-0.969,0.37,-27.992,38.863,-4.994,185,0
58502,0.034,-0.91,0.306,-26.328,35.42,-0.075,185,0
58568,0.004,-0.941,0.293,-21.84,40.725,13.351,186,0
58632,-0.02,-1.059,0.302,-14.282,30.565,15.776,188,0
58695,0.043,-1.006,0.206,-1.344,33.435,18.947,189,0
58758,-0.03,-1.013,0.244,2.83,40.046,19.511,189,0
58821,-0.035,-1.051,0.224,4.97,20.359,2.228,188,0
58885,0.031,-0.99,0.143,9.832,31.931,-4.967,188,0
58948,-0.007,-0.933,0.134,11.061,65.137,-1.442,189,0
59012,-0.07,-0.925,0.143,9.878,76.031,-4.688,190,0
59072,-0.12,-0.926,0.143,-2.224,78.756,-11.611,144,0
59127,-0.133,-0.963,0.141,-10.824,77.626,-12.58,109,92
59179,-0.149,-1.048,0.18,-11.87,70.603,-12.519,84,90
59230,-0.125,-1.054,0.17,-4.774,72.115,-9.484,84,89
59281,-0.142,-1.069,0.201,-2.407,78.847,-8.615,84,84
59336,-0.166,-1.068,0.231,3.934,78.321,-15.351,85,75
59385,-0.143,-0.967,0.216,11.802,84.183,-13.473,85,69
59435,-0.183,-0.932,0.218,22.26,95.603,-8.818,84,66
59483,-0.215,-0.921,0.215,32.153,96.115,-12.916,85,65
59535,-0.224,-0.964,0.185,35.992,92.641,-20.244,84,65
59584,-0.218,-0.997,0.162,35.901,89.076,-27.977,107,65
59634,-0.196,-1.094,0.156,34.145,85.969,-29.634,106,67
59685,-0.229,-1.152,0.194,20.435,73.763,-31.489,107,69
59735,-0.176,-1.047,0.322,-1.97,53.656,-34.702,101,59
59784,-0.198,-0.961,0.606,-21.16,26.115,-26.939,90,63
59833,-0.128,-0.747,0.805,-15.74,-39.756,-13.901,88,66
59882,0.034,-0.616,0.762,3.788,-103.397,14.804,92,68
59931,0.232,-0.636,0.479,28.954,-108.771,32.74,89,73
59981,0.221,-0.635,0.298,24.916,-62.122,51.786,43,75
60030,0.153,-0.734,0.265,14.786,-40.137,61.252,84,78
60078,0.099,-0.824,0.29,10.534,-49.359,64.527,42,80
60128,0.201,-0.911,0.204,7.102,-63.389,51.878,81,93
60178,0.381,-0.771,0.078,-3.317,-42.908,36.206,44,123
60230,0.33,-0.807,0.106,-17.534,-14.504,26.145,82,121
60281,0.324,-0.77,0.02,-39.863,5.646,17.684,81,119
60332,0.198,-0.833,-0.007,-66.504,31.756,9.317,82,73
60379,-0.015,-1.008,0.097,-80.748,29.351,-17.191,58,69
60471,-0.218,-1.163,0.06,-65.137,45.214,-29.313,44,61
60518,-0.245,-1.176,-0.046,-47.962,58.71,-22.977,47,58
60563,-0.308,-1.268,0.028,-29.679,57.252,-4.627,39,55
60609,-0.235,-1.17,-0.026,-12.336,56.252,12.216,42,54
60655,-0.126,-1.229,-0.054,1.762,63.374,31.29,44,53
60701,-0.21,-1.602,0.533,79.802,131.855,59.954,44,52
60746,-0.28,-0.928,0.048,77.878,81.756,30.023,45,51
60795,-0.287,-0.96,0.233,62.023,31.695,24.626,93,52
60847,-0.094,-0.912,0.253,69.076,18.786,8.093,90,51
60895,-0.16,-0.851,0.224,58.809,37.053,12.448,91,51
60944,-0.13,-0.938,0.219,56.183,24.962,7.757,90,52
60993,-0.173,-0.99,0.231,46.504,41.427,7.063,91,69
61050,-0.257,-0.947,0.406,46.084,26.84,21.45,96,0
61096,-0.181,-0.886,0.423,55.336,-1.795,27.069,32,71
61143,-0.107,-0.806,0.38,56.015,11.551,23.969,31,70
61193,-0.246,-0.786,0.469,53.542,24.237,27.817,97,69
61239,-0.331,-0.843,0.529,51.542,5.435,29.45,30,70
61288,-0.246,-0.828,0.522,53.115,-11.137,30.466,29,69
61335,-0.207,-0.815,0.526,58.252,-0.395,27.908,58,70
61382,-0.284,-0.825,0.606,64.176,3.766,21.45,51,69
61430,-0.276,-0.879,0.598,65.763,1.74,8.969,51,70
61475,-0.359,-0.798,0.702,60.542,-7.791,3.555,30,69
61523,-0.245,-0.594,0.705,52.321,-14.817,5.223,15,21
61571,-0.315,-0.507,0.796,42.748,-4.285,11.517,57,71
61618,-0.34,-0.454,0.785,42.519,1.186,9.595,50,69
61667,-0.431,-0.435,0.842,41.969,-4.498,12.907,67,70
61717,-0.447,-0.452,0.868,32.573,-4.748,10.92,51,71
61763,-0.497,-0.463,0.969,12.321,-12.382,2.83,49,58
61811,-0.384,-0.438,0.976,-16.038,-30.534,-13.618,50,72
61857,-0.284,-0.476,0.879,-37.565,-25.076,-10.359,50,57
61904,-0.292,-0.564,0.856,-49.42,-31.206,3.882,51,57
61950,-0.38,-0.748,0.996,-51.26,-46.603,32.099,50,57
61999,-0.382,-0.893,0.881,-12.427,-75.443,53.107,59,60
62047,-0.344,-0.715,0.835,34.542,-82.382,66.29,58,80
62094,-0.275,-0.539,0.835,45.901,-54.977,76.527,55,63
62144,-0.254,-0.448,0.82,42.481,-54.198,81.603,53,65
62192,-0.296,-0.511,0.772,43.038,-69.489,101.031,51,69
62243,-0.289,-0.495,0.849,53.427,-76.863,114.511,65,123
62295,-0.216,-0.347,0.875,57.695,-71.74,130.122,46,135
62349,-0.248,-0.359,0.968,54.344,-71.649,139.458,45,0
62404,-0.18,-0.342,1.021,50.198,-80.901,143.466,46,0
62464,-0.028,-0.353,0.966,51.534,-92.344,146.58,136,0
62511,0.128,-0.282,0.837,56.924,-77.817,142.145,14,19
62561,0.188,-0.212,0.793,56.427,-50.107,131.29,39,65
62610,0.158,-0.159,0.829,54.229,-19.023,127.145,91,68
62657,0.106,-0.144,0.891,52.626,6.661,122.038,37,69
62708,0.08,-0.077,0.923,50.931,15.87,114.565,43,144
62761,0.064,-0.026,0.965,46.611,16.771,99.588,87,130
62809,0.124,0.018,0.976,40.061,25.183,86.954,36,79
62859,0.133,0.037,1.02,33.977,45.489,76.542,85,77
62948,0.086,0.04,1.057,24.771,43.145,50.725,18,77
62997,0.035,0.095,1.082,16.405,51.779,47.634,85,76
63051,-0.041,0.162,1.072,5.703,47.107,50.328,85,92
63097,-0.139,0.102,1.119,-9.466,25.885,44.046,19,89
63142,-0.205,0.035,1.1,-14.863,10.469,37.809,19,48
63186,-0.159,0.016,1.054,-12.214,17.336,30.191,17,47
63230,-0.146,0.094,1.032,-15.695,42.588,19.092,16,45
63277,-0.23,0.01,1.055,-12.763,57.832,8.672,17,72
63321,-0.28,0.107,1.012,-10.336,60.809,0.21,17,44
63365,-0.372,0.085,1.0,-15.084,56.809,-8.437,17,43
63419,-0.523,0.064,1.225,-10.0,45.313,-0.627,0,43
63470,-0.302,0.149,1.0,-16.038,7.968,-3.629,86,44
63525,-0.303,0.126,1.047,-26.947,2.284,1.244,0,42
63580,-0.29,0.075,1.007,-35.748,14.875,4.313,0,44
63635,-0.375,-0.002,1.007,-38.687,12.966,2.79,0,42
63689,-0.315,-0.013,1.046,-34.496,-1.853,4.49,0,42
63745,-0.227,-0.018,1.104,-33.008,-8.475,8.716,0,43
63799,-0.364,-0.065,1.006,-25.817,9.091,3.187,0,40
63853,-0.495,-0.198,0.845,-17.382,0.914,-10.145,0,40
63902,-0.414,-0.218,0.793,-2.426,-38.511,-19.725,89,43
63954,-0.293,-0.134,0.775,-0.437,-14.916,-12.771,89,57
64003,-0.355,-0.144,0.905,-1.364,-2.987,-10.608,89,41
64047,-0.264,-0.114,0.975,7.702,-4.94,-13.695,16,42
64095,-0.259,-0.104,1.108,17.565,-2.392,-15.924,88,41
64145,-0.22,-0.038,0.979,19.504,-3.155,-21.122,87,73
64194,-0.425,-0.075,1.208,16.527,-26.527,-20.237,87,70
64244,-0.261,-0.084,1.065,20.809,-77.832,-23.145,87,72
64289,-0.009,-0.098,0.97,17.0,-60.718,-16.733,16,44
64333,0.092,-0.021,0.978,17.664,-31.557,-18.496,16,47
64382,-0.017,-0.031,1.039,14.115,-0.612,-12.038,16,73
64429,-0.036,-0.03,1.053,15.031,-4.391,-7.686,17,74
64479,-0.031,-0.008,1.071,11.55,-0.125,-1.952,85,73
64528,-0.028,-0.008,1.083,3.617,0.958,3.473,84,72
64578,-0.046,-0.011,1.065,-4.395,3.527,5.263,84,73
64627,-0.046,-0.012,1.055,-8.182,13.534,5.982,84,73
64677,-0.072,-0.07,1.026,-2.992,12.609,6.298,85,72
64728,-0.08,-0.09,1.002,5.67,14.756,4.709,85,72
64777,-0.15,-0.051,1.08,10.809,5.39,2.039,85,72
64830,-0.059,0.004,1.064,9.159,1.789,-0.16,85,72
64879,-0.056,0.001,1.073,3.108,4.402,1.984,85,72
64929,-0.084,-0.013,1.059,0.691,8.358,3.298,85,72
64979,-0.104,-0.028,1.064,0.464,-1.556,4.373,85,72
65029,-0.054,-0.021,1.031,0.212,5.383,4.079,85,72
65079,-0.103,-0.034,1.054,-0.038,8.294,2.019,85,72
65128,-0.114,-0.017,1.063,1.222,4.001,-0.541,85,72
65178,-0.087,-0.001,1.061,0.571,2.024,0.219,85,72
65228,-0.083,-0.003,1.055,-0.86,4.945,2.119,85,72
65281,-0.09,-0.021,1.046,-1.396,2.089,3.349,85,72
65331,-0.089,-0.029,1.043,-1.174,6.708,2.575,85,72
65381,-0.119,-0.036,1.055,1.463,3.705,1.112,85,72
65473,-0.101,-0.015,1.059,0.709,3.192,0.082,85,72
65523,-0.087,-0.014,1.065,-0.99,2.9,0.799,85,72
65573,-0.087,-0.022,1.046,-2.708,3.878,1.102,85,72
65624,-0.099,-0.035,1.036,-1.585,3.034,2.025,84,72
65673,-0.096,-0.039,1.034,0.294,2.674,2.599,85,72
65729,-0.094,-0.027,1.046,1.161,3.408,2.789,84,72
65781,-0.1,-0.031,1.053,1.319,2.786,3.331,85,72
65829,-0.088,-0.02,1.035,1.551,4.566,3.88,85,72
65879,-0.102,-0.024,1.05,2.022,3.694,4.943,85,72
65928,-0.088,-0.018,1.038,2.245,4.492,4.789,84,72
65977,-0.103,-0.022,1.06,1.942,4.86,4.084,85,72
66026,-0.111,-0.018,1.05,1.401,3.379,4.256,85,72
66075,-0.098,-0.022,1.051,1.405,3.047,4.037,85,72
66124,-0.107,-0.015,1.051,1.258,3.374,3.558,85,72
66173,-0.103,-0.013,1.053,1.236,2.917,3.242,85,72
66222,-0.104,-0.018,1.049,0.936,2.174,2.766,85,72
66274,-0.091,-0.01,1.056,1.047,3.353,3.302,85,72
66323,-0.104,-0.014,1.059,0.287,2.951,3.424,85,72
66372,-0.099,-0.017,1.05,0.356,2.333,3.336,85,72
66421,-0.096,-0.02,1.051,1.121,4.401,3.192,85,72
66470,-0.109,-0.009,1.048,1.384,2.458,3.107,85,72
66520,-0.101,-0.015,1.042,0.693,3.307,3.315,85,72
66569,-0.107,-0.013,1.05,0.661,3.546,3.337,85,72
66617,-0.109,-0.004,1.046,0.934,2.039,2.807,85,72
66666,-0.099,-0.017,1.048,0.878,3.052,3.381,85,72
66718,-0.106,-0.016,1.049,0.899,3.741,3.161,85,72
66767,-0.111,-0.011,1.04,0.857,2.371,3.5,85,72
66817,-0.102,-0.013,1.058,0.457,3.111,3.285,84,72
66866,-0.1,-0.012,1.056,0.552,3.501,3.441,85,72
66915,-0.111,-0.009,1.057,0.61,2.552,3.593,85,72
66964,-0.101,-0.007,1.043,0.187,2.451,3.532,85,72
67013,-0.096,-0.005,1.045,0.219,3.321,3.604,85,72
67062,-0.114,-0.011,1.048,0.293,3.047,3.106,85,72
67111,-0.101,-0.013,1.044,0.364,2.821,3.555,85,72
67164,-0.114,-0.011,1.05,0.268,3.87,3.534,85,72
67213,-0.106,-0.011,1.045,0.334,2.528,3.653,85,72
67262,-0.102,-0.013,1.053,0.527,3.659,3.462,85,72
67311,-0.112,-0.018,1.047,0.565,3.054,3.367,85,72
67360,-0.101,-0.014,1.057,0.198,2.635,3.493,84,72
67409,-0.101,-0.017,1.052,-0.036,3.53,3.762,85,72
67459,-0.108,-0.01,1.039,0.228,2.711,3.589,85,72
67508,-0.114,-0.018,1.052,0.424,3.108,3.416,85,72
67557,-0.115,-0.012,1.057,0.181,2.429,3.203,85,72
67606,-0.1,-0.012,1.043,-0.042,3.254,3.639,85,72
67658,-0.116,-0.019,1.048,0.107,3.39,3.503,85,72
67707,-0.104,-0.01,1.047,0.641,2.999,3.045,85,72
67757,-0.105,-0.006,1.041,0.628,3.122,3.465,85,72
67806,-0.109,-0.013,1.043,0.333,3.333,3.603,85,72
67855,-0.106,-0.016,1.051,0.473,3.629,3.623,85,72
67904,-0.115,-0.01,1.056,0.611,3.064,3.517,85,72
67997,-0.109,-0.011,1.054,0.707,2.243,3.229,85,72
68046,-0.109,-0.009,1.045,0.748,2.761,3.124,85,72
68096,-0.107,-0.01,1.055,1.06,3.337,2.762,85,72
68148,-0.11,-0.011,1.051,0.71,2.224,3.291,85,72
68197,-0.104,-0.008,1.046,0.224,3.039,3.32,85,72
68246,-0.115,-0.013,1.049,0.503,3.162,3.196,85,72
68295,-0.106,-0.008,1.047,0.6,2.135,2.707,85,72
68344,-0.099,-0.009,1.043,0.619,3.004,3.364,85,72
68395,-0.109,-0.004,1.042,0.481,3.309,3.276,85,72
68444,-0.112,-0.016,1.047,0.728,2.731,3.187,85,72
68493,-0.103,-0.006,1.045,0.963,3.341,2.918,85,72
68542,-0.114,-0.01,1.051,0.354,2.788,3.542,85,72
68594,-0.111,-0.012,1.042,0.117,2.903,3.214,84,71
68643,-0.113,-0.013,1.038,0.283,2.498,2.974,85,72
68694,-0.108,-0.007,1.051,0.741,2.948,3.033,85,72
68743,-0.115,-0.008,1.063,0.722,3.183,3.172,85,72
68792,-0.101,-0.01,1.057,-0.101,2.072,3.451,85,72
68841,-0.116,-0.006,1.043,0.19,3.309,3.241,85,72
68891,-0.104,-0.01,1.045,0.823,2.395,2.967,85,72
68940,-0.113,-0.01,1.049,1.023,3.125,3.297,85,73
68989,-0.113,-0.005,1.06,0.39,3.233,3.542,85,73
69042,-0.118,-0.007,1.054,0.356,2.832,3.533,85,73
69092,-0.109,-0.003,1.05,0.47,3.137,3.546,85,73
69141,-0.118,-0.009,1.054,0.489,3.19,3.64,85,72
69190,-0.109,-0.006,1.051,0.308,2.462,3.383,85,72
69240,-0.112,-0.009,1.036,0.804,3.025,2.958,85,72
69289,-0.099,-0.006,1.048,0.962,2.212,3.03,85,72
69339,-0.112,-0.008,1.049,0.592,3.731,3.143,85,72
69389,-0.11,-0.013,1.051,-0.103,1.888,3.283,85,72
69438,-0.106,-0.013,1.04,0.026,3.1,3.433,85,72
69487,-0.117,-0.008,1.052,0.797,2.879,2.983,85,72
69539,-0.1,-0.009,1.048,0.936,2.359,3.226,85,72
69590,-0.111,-0.006,1.052,0.197,3.828,3.656,85,72
69639,-0.117,-0.008,1.056,0.37,2.571,3.873,85,72
69688,-0.103,-0.007,1.042,0.296,3.361,3.426,85,72
69738,-0.119,-0.009,1.045,0.592,3.006,3.512,85,72
69787,-0.106,-0.01,1.051,0.356,3.194,3.336,85,72
69836,-0.116,-0.016,1.052,0.251,2.247,3.458,85,72
69886,-0.104,-0.001,1.051,0.349,2.623,3.063,85,72
69936,-0.113,-0.007,1.058,0.872,2.93,3.247,85,72
69989,-0.112,-0.011,1.052,0.364,2.297,3.233,85,72
70038,-0.106,-0.005,1.044,0.096,2.717,3.423,85,72
70087,-0.117,-0.013,1.044,0.375,3.392,3.183,85,72
70137,-0.107,-0.001,1.051,0.682,2.529,3.318,85,72
70187,-0.109,-0.003,1.058,0.453,3.218,3.537,85,72
70237,-0.112,-0.013,1.05,0.558,3.408,3.172,85,72
70286,-0.12,-0.008,1.05,0.684,2.775,3.334,85,72
70335,-0.107,-0.004,1.045,0.541,3.333,3.349,85,72
70385,-0.115,-0.002,1.063,0.352,2.964,3.538,85,72
70437,-0.105,-0.005,1.045,0.264,2.646,3.62,85,73
70531,-0.102,-0.0,1.045,0.761,1.923,3.103,85,72
70581,-0.119,-0.006,1.052,0.449,3.594,3.257,85,72
70630,-0.119,-0.004,1.056,0.121,2.004,3.4,85,72
70680,-0.105,-0.011,1.046,0.33,2.822,3.402,85,72
70729,-0.119,-0.009,1.048,0.651,3.168,2.934,85,72
70778,-0.111,-0.009,1.045,0.868,2.488,3.228,85,72
70829,-0.117,-0.005,1.046,0.56,3.38,3.632,85,72
70879,-0.109,-0.004,1.052,0.423,2.825,3.572,85,72
70928,-0.108,-0.008,1.044,0.286,3.062,3.606,85,72
70981,-0.112,-0.008,1.061,0.811,3.34,3.486,85,72
71030,-0.114,-0.006,1.058,0.427,2.778,3.495,85,72
71080,-0.106,-0.001,1.046,0.375,2.523,3.257,85,72
71130,-0.122,-0.003,1.053,0.585,2.982,3.255,85,72
71180,-0.106,-0.007,1.041,0.761,2.403,3.469,85,72
71229,-0.114,-0.008,1.058,0.305,3.452,3.297,85,72
71279,-0.105,-0.004,1.048,0.124,2.102,3.605,85,72
71328,-0.106,-0.008,1.038,0.331,3.238,3.507,85,72
71378,-0.118,-0.005,1.055,0.795,2.845,3.295,85,72
71432,-0.096,-0.007,1.052,0.504,2.971,3.528,85,72
71481,-0.116,-0.004,1.049,0.354,3.239,3.536,85,72
71531,-0.109,-0.003,1.049,0.464,2.531,3.354,85,72
71580,-0.113,-0.005,1.045,0.553,3.368,3.289,85,72
71630,-0.113,-0.007,1.051,0.505,2.817,3.246,85,72
71681,-0.117,-0.006,1.049,0.319,3.045,3.551,85,72
71730,-0.114,-0.004,1.052,0.387,2.705,3.244,85,72
71780,-0.109,-0.004,1.044,0.494,2.454,3.003,85,72
71829,-0.105,-0.008,1.043,0.424,3.141,3.492,85,72
71882,-0.118,-0.014,1.052,0.118,2.612,3.372,85,72
71932,-0.101,-0.012,1.045,0.004,2.061,3.357,85,72
71982,-0.115,-0.012,1.041,0.331,2.972,3.226,85,72
72032,-0.111,-0.001,1.042,0.646,2.573,3.356,85,72
72082,-0.113,-0.008,1.049,0.298,3.587,3.695,85,72
72137,-0.111,-0.005,1.049,0.249,2.587,3.323,85,72
72186,-0.106,-0.01,1.053,0.465,3.656,3.611,85,72
72236,-0.112,-0.013,1.053,0.31,3.105,3.761,85,72
72285,-0.109,-0.003,1.045,0.197,3.469,3.663,85,72
72334,-0.112,-0.006,1.056,-0.018,2.503,3.336,85,72
72385,-0.109,-0.01,1.049,0.097,2.854,3.293,85,72
72434,-0.104,-0.011,1.048,0.445,2.852,3.352,85,72
72483,-0.104,-0.01,1.056,0.464,3.14,3.427,85,72
72532,-0.125,-0.004,1.053,-0.066,2.89,3.416,85,72
72582,-0.105,-0.009,1.044,0.048,2.665,3.49,85,72
72631,-0.122,-0.01,1.042,0.343,3.542,3.444,85,72
72679,-0.116,-0.004,1.047,0.735,2.462,3.38,85,72
72728,-0.106,-0.007,1.044,0.551,3.94,3.592,85,72
72777,-0.113,-0.011,1.045,0.261,2.808,3.532,85,72
72829,-0.107,-0.013,1.044,0.289,3.136,3.558,85,72
72879,-0.117,-0.015,1.049,0.677,3.165,3.369,85,72
72928,-0.105,-0.004,1.048,0.516,2.443,3.279,85,72
72977,-0.116,-0.012,1.054,0.317,3.06,3.564,85,72
73069,-0.112,-0.003,1.035,0.772,2.644,3.185,85,72
73118,-0.123,-0.01,1.05,0.704,3.051,3.259,85,72
73167,-0.116,-0.009,1.047,0.24,2.019,3.253,85,72
73217,-0.113,-0.009,1.038,0.287,2.883,3.332,85,72
73266,-0.118,-0.01,1.042,0.916,2.81,2.779,85,72
73317,-0.104,-0.009,1.043,0.758,2.446,3.196,85,72
73366,-0.114,-0.013,1.059,0.246,3.315,3.602,85,72
73415,-0.113,-0.009,1.052,0.19,2.669,3.606,85,72
73464,-0.106,-0.016,1.043,0.629,3.263,3.258,85,72
73513,-0.116,-0.005,1.055,0.671,2.975,3.494,85,72
73563,-0.109,-0.007,1.047,0.405,2.847,3.16,85,72
73612,-0.121,-0.003,1.045,0.223,2.749,3.256,85,72
73661,-0.106,-0.009,1.052,0.581,2.693,3.219,85,72
73710,-0.107,-0.005,1.048,0.841,2.718,3.447,85,71
73759,-0.114,-0.004,1.047,0.317,3.036,3.159,85,72
73806,-0.114,-0.009,1.054,0.17,2.47,3.248,85,71
73856,-0.103,-0.011,1.037,0.243,2.489,3.571,85,71
73905,-0.121,-0.009,1.045,0.524,3.132,3.389,85,71
73954,-0.11,-0.009,1.051,0.644,2.541,3.541,85,72
74003,-0.105,-0.003,1.061,0.246,3.341,3.596,85,71
74052,-0.119,-0.006,1.049,0.509,2.473,3.187,85,72
74101,-0.113,-0.008,1.043,0.586,3.212,3.309,85,72
74150,-0.113,-0.01,1.053,0.445,2.95,3.453,85,72
74201,-0.114,-0.006,1.047,0.246,3.189,3.458,85,72
74261,-0.104,-0.003,1.042,0.187,1.824,3.239,85,72
74312,-0.111,-0.011,1.044,0.534,3.173,3.0,85,72
74364,-0.106,-0.004,1.047,0.894,2.401,3.154,85,72
74416,-0.111,-0.005,1.051,0.211,3.533,3.211,85,72
74468,-0.112,-0.009,1.045,0.085,2.204,3.596,85,72
74519,-0.109,-0.007,1.048,0.577,3.447,3.252,85,72
74571,-0.118,0.005,1.045,0.697,2.151,3.206,85,72
74622,-0.099,-0.003,1.05,0.397,3.222,3.396,85,72
74675,-0.117,-0.007,1.061,0.489,2.931,3.406,85,72
74729,-0.105,-0.007,1.036,0.421,3.031,3.301,85,71
74780,-0.116,-0.008,1.042,0.527,3.176,3.612,85,72
74832,-0.109,-0.002,1.047,0.602,2.434,3.438,85,72
74884,-0.113,-0.005,1.049,0.603,2.76,3.057,85,72
74936,-0.104,-0.005,1.044,0.55,2.511,3.04,85,72
74987,-0.109,-0.003,1.05,0.489,2.484,3.17,85,72
75039,-0.115,-0.002,1.056,0.345,3.509,3.361,85,72
75091,-0.11,-0.002,1.045,0.244,2.281,3.32,85,72
75143,-0.109,-0.009,1.043,0.05,2.963,3.227,85,72
75198,-0.119,-0.013,1.055,0.529,2.647,3.008,85,72
75249,-0.101,-0.004,1.043,0.6,3.004,3.549,85,72
75301,-0.116,-0.003,1.048,0.312,3.516,3.319,85,72
75353,-0.112,-0.002,1.057,0.187,2.339,3.503,85,72
75405,-0.112,-0.009,1.056,0.358,3.579,3.402,85,72
75456,-0.112,-0.006,1.054,0.538,3.075,3.633,85,72
75508,-0.111,-0.006,1.052,0.251,2.813,3.463,85,72
75560,-0.116,-0.005,1.045,0.071,2.728,3.312,85,72
