Timestamp(ms),AccelX(g),AccelY(g),AccelZ(g),GyroX(deg/s),GyroY(deg/s),GyroZ(deg/s),DistanceLeft(cm),DistanceRight(cm)
44964,-0.949,-0.028,0.219,2.519,-26.985,3.71,0,3
45014,-0.917,-0.03,0.247,2.038,-24.687,0.634,0,2
45063,-0.893,-0.026,0.265,4.13,-12.282,-1.679,0,3
45111,-0.919,-0.011,0.28,9.076,-0.491,1.067,0,3
45146,-0.921,-0.054,0.27,9.038,5.282,0.122,0,3
45195,-0.92,-0.02,0.269,8.725,7.71,4.107,0,3
45230,-0.945,-0.036,0.275,8.756,5.359,0.351,0,3
45279,-0.917,0.007,0.24,10.328,8.58,-0.13,0,2
45334,-0.931,-0.048,0.258,8.511,11.221,2.031,0,2
45382,-0.941,-0.033,0.259,9.962,9.397,1.663,0,3
45431,-0.952,-0.029,0.248,9.908,3.611,-0.962,0,3
45479,-0.945,-0.033,0.24,6.573,-2.015,3.45,0,3
45529,-0.953,0.01,0.264,5.176,-6.519,2.893,0,2
45577,-0.925,-0.031,0.241,9.747,-3.496,-0.977,0,3
45626,-0.937,-0.032,0.262,7.168,0.057,0.084,0,3
45674,-0.933,-0.053,0.258,9.977,4.62,0.046,0,3
45723,-0.935,-0.047,0.248,8.847,-0.045,0.092,0,3
45774,-0.934,-0.02,0.276,0.957,-0.537,2.214,0,3
45824,-0.94,-0.054,0.274,5.232,0.259,2.374,0,3
45872,-0.921,-0.016,0.252,11.567,-1.382,1.802,0,3
45921,-0.921,-0.019,0.271,8.687,5.255,1.817,0,3
45970,-0.919,-0.023,0.261,9.718,6.389,0.412,0,3
46018,-0.938,-0.028,0.24,10.916,12.756,1.274,0,2
46067,-0.937,-0.022,0.241,10.496,13.038,3.298,0,3
46115,-0.941,-0.025,0.249,9.496,9.954,2.718,0,2
46164,-0.945,-0.014,0.242,8.695,6.092,3.893,0,2
46213,-0.95,-0.017,0.224,8.832,-1.183,0.115,0,2
46265,-0.927,-0.012,0.227,7.733,-9.519,-2.977,0,3
46314,-0.931,-0.025,0.229,6.603,-14.427,-2.786,0,2
46362,-0.923,-0.026,0.276,3.427,-14.137,-0.817,0,3
46411,-0.909,-0.03,0.284,5.55,-5.924,2.649,0,3
46460,-0.917,-0.03,0.285,5.632,6.992,3.794,0,3
46495,-0.919,-0.02,0.268,9.496,7.817,1.809,0,3
46544,-0.955,-0.05,0.32,9.641,2.733,-0.679,0,3
46579,-0.925,-0.015,0.25,4.985,1.381,1.527,0,3
46628,-0.928,-0.028,0.268,7.229,-1.452,2.985,0,3
46680,-0.935,-0.028,0.292,7.061,-1.107,2.221,0,3
46729,-0.91,-0.0,0.243,6.382,-3.519,-1.92,0,3
46778,-0.913,-0.015,0.278,6.626,-3.672,1.863,0,3
46827,-0.921,-0.023,0.302,7.007,-5.305,-0.702,0,3
46862,-0.957,-0.0,0.272,3.799,-5.427,-1.832,0,3
46911,-0.897,-0.018,0.282,7.237,-4.885,-0.901,0,3
46946,-0.93,-0.026,0.313,19.674,4.17,-2.29,0,5
46995,-0.914,-0.011,0.31,7.282,-3.137,-1.756,0,4
47031,-0.911,0.02,0.305,7.137,-0.809,-0.069,0,5
47080,-0.913,-0.031,0.312,4.741,0.972,2.099,0,4
47135,-0.855,0.013,0.315,6.771,5.456,1.847,0,5
47184,-0.913,-0.091,0.321,-0.6,5.26,2.534,0,3
47219,-0.923,-0.085,0.3,0.24,5.817,2.305,0,3
47268,-0.921,-0.031,0.31,-1.501,-0.757,0.071,0,3
47361,-0.913,-0.05,0.314,6.363,2.572,1.511,0,4
47396,-0.923,-0.079,0.304,3.165,0.93,3.099,0,3
47444,-0.933,0.01,0.316,6.794,-0.469,1.519,0,5
47480,-0.924,-0.033,0.307,6.672,-3.603,1.817,0,3
47529,-0.909,-0.031,0.315,5.947,-3.076,0.971,0,5
47585,-0.918,-0.027,0.326,9.138,1.874,-0.061,0,5
47634,-0.916,-0.039,0.318,8.196,3.708,0.565,0,4
47670,-0.918,-0.03,0.319,2.802,0.327,0.336,0,5
47719,-0.929,-0.056,0.312,5.025,1.383,0.678,0,5
47755,-0.909,-0.055,0.32,5.537,2.07,0.825,0,4
47804,-0.914,-0.025,0.316,13.646,2.691,2.188,0,5
47839,-0.915,-0.046,0.315,5.239,-0.195,1.466,0,5
47888,-0.91,-0.039,0.331,7.937,-0.096,1.007,0,5
47924,-0.924,-0.06,0.367,5.72,-1.198,-0.015,0,5
47973,-0.912,-0.03,0.324,8.182,1.743,1.112,0,5
48029,-0.913,-0.021,0.345,13.357,2.313,2.618,0,5
48078,-0.916,-0.032,0.313,6.947,-0.49,0.044,0,3
48113,-0.917,-0.03,0.351,11.111,2.266,0.489,0,5
48163,-0.902,-0.036,0.336,7.623,1.101,1.093,0,5
48198,-0.911,-0.036,0.336,7.826,1.729,1.473,0,5
48247,-0.887,-0.004,0.371,12.015,1.418,1.676,0,5
48283,-0.961,-0.104,0.281,-2.209,-0.881,0.116,0,5
48332,-0.91,-0.031,0.373,12.011,0.934,0.351,0,5
48368,-0.894,-0.047,0.343,8.337,0.77,0.206,0,5
48417,-0.878,-0.024,0.357,8.594,2.937,2.366,0,5
48470,-0.944,-0.048,0.319,6.798,2.701,2.321,0,5
48519,-0.909,-0.031,0.34,6.931,1.621,1.672,0,5
48568,-0.871,-0.019,0.327,8.748,1.998,-0.893,0,5
48618,-0.893,-0.024,0.321,11.224,3.147,-0.725,0,5
48653,-0.914,-0.033,0.335,7.08,2.23,1.275,0,5
48702,-0.909,-0.075,0.325,0.929,-0.116,0.443,0,5
48752,-0.892,-0.02,0.362,10.618,3.737,1.074,0,5
48804,-0.851,0.007,0.39,15.528,6.622,2.381,0,5
48855,-0.91,-0.09,0.284,-0.087,-0.766,-0.698,0,5
48910,-0.909,-0.051,0.331,5.889,2.097,0.81,0,5
48960,-0.888,-0.024,0.354,9.798,3.909,1.802,0,5
49012,-0.915,0.016,0.403,6.992,4.921,2.175,0,5
49062,-0.948,-0.033,0.297,0.908,-0.083,-0.452,0,5
49116,-0.885,-0.015,0.364,11.328,4.357,0.206,0,5
49165,-0.935,-0.075,0.305,1.971,0.206,1.672,0,5
49218,-0.955,-0.085,0.294,0.012,0.555,1.634,0,5
49267,-0.91,-0.051,0.324,5.778,2.691,0.595,0,5
49320,-0.953,-0.033,0.287,0.481,-0.863,-0.234,0,5
49370,-0.972,-0.105,0.27,-2.962,-1.22,1.473,0,5
49426,-0.905,-0.048,0.342,7.243,1.939,0.744,0,5
49476,-0.804,0.068,0.444,24.015,7.233,3.868,0,5
49528,-0.965,-0.096,0.276,-1.623,-0.36,-0.201,0,5
49579,-0.88,-0.05,0.366,11.951,2.31,1.611,0,5
49637,-0.934,-0.069,0.287,3.01,-0.365,0.84,0,5
49672,-0.938,-0.078,0.234,2.319,0.447,0.668,5,5
49763,-0.897,-0.034,0.345,7.665,3.169,1.763,0,5
49799,-0.849,-0.103,0.392,11.458,1.391,-1.153,0,5
49847,-0.914,-0.042,0.275,7.495,7.718,-0.221,0,5
49902,-0.903,-0.03,0.343,8.417,5.039,1.733,0,5
49951,-0.917,-0.051,0.32,5.587,1.22,1.664,0,5
49986,-0.913,-0.031,0.33,5.689,-0.232,0.462,0,5
50034,-0.865,-0.004,0.377,13.655,2.627,2.103,0,5
50070,-0.894,-0.091,0.293,-0.192,0.649,-0.452,0,5
50118,-0.959,-0.086,0.327,-0.273,0.551,1.45,0,5
50153,-0.865,0.003,0.387,14.408,4.393,2.025,0,5
50202,-0.894,-0.035,0.341,8.458,2.621,1.366,0,5
50237,-0.91,-0.051,0.322,6.15,2.212,0.842,0,5
50285,-0.895,-0.028,0.339,9.069,3.102,1.383,0,5
50340,-0.938,-0.075,0.329,2.571,0.136,0.209,0,5
50390,-0.897,-0.027,0.347,9.556,3.662,1.557,0,5
50424,-0.911,0.004,0.376,14.087,4.059,0.412,0,5
50473,-0.917,-0.045,0.331,6.539,1.573,0.489,0,5
50508,-0.937,-0.068,0.327,2.59,0.922,0.16,0,5
50557,-0.864,0.002,0.382,13.909,4.386,1.913,0,5
50592,-0.982,-0.03,0.249,-4.487,-1.59,1.573,0,5
50641,-0.919,-0.026,0.345,9.442,1.715,1.292,0,5
50690,-0.918,-0.05,0.329,7.553,0.993,-0.092,0,5
50739,-0.886,-0.03,0.352,10.104,4.594,0.934,0,5
50790,-0.913,-0.021,0.35,10.158,3.475,1.236,0,5
50839,-0.909,-0.052,0.317,5.534,1.638,0.555,0,5
50874,-0.824,0.039,0.422,20.117,8.399,1.649,0,5
50923,-0.926,-0.055,0.322,4.768,1.973,2.031,0,5
50958,-0.92,-0.03,0.304,2.111,-0.58,1.718,0,5
51007,-0.874,-0.007,0.375,12.132,3.141,1.16,0,5
51042,-0.87,-0.005,0.373,13.049,4.996,0.473,0,5
51091,-0.913,0.037,0.413,19.913,7.317,2.653,0,5
51140,-0.92,0.044,0.429,20.247,6.493,1.58,0,5
51191,-0.845,0.02,0.328,16.403,5.927,2.441,0,5
51240,-0.917,-0.05,0.318,5.442,1.817,1.519,0,5
51276,-0.919,-0.054,0.317,5.034,1.738,0.555,0,5
51324,-0.909,-0.029,0.343,8.668,2.567,0.496,0,5
51360,-1.001,-0.136,0.228,-7.421,-2.969,0.603,5,5
51409,-0.86,0.005,0.38,14.327,5.304,0.542,0,5
51444,-0.897,-0.03,0.347,9.351,3.665,0.831,0,5
51493,-0.912,-0.059,0.322,4.136,1.136,0.282,0,5
51528,-0.902,-0.037,0.338,7.379,2.546,0.752,0,5
51577,-0.911,-0.045,0.33,3.723,2.789,0.831,0,5
51633,-0.906,-0.036,0.343,9.034,4.044,0.634,0,5
51682,-0.953,-0.058,0.41,12.837,0.81,0.754,0,5
51731,-0.876,-0.048,0.32,2.503,-3.313,-1.015,0,5
51766,-0.919,-0.081,0.324,-8.953,2.958,1.641,5,5
51815,-0.922,-0.066,0.318,1.093,1.476,1.534,0,5
51851,-0.924,-0.063,0.318,3.702,0.851,0.576,0,5
51900,-0.842,0.027,0.404,18.107,4.706,2.895,0,5
51935,-0.898,-0.033,0.348,8.427,2.747,1.375,0,5
52027,-0.849,0.014,0.387,16.267,5.712,2.119,0,5
52076,-0.943,-0.032,0.304,2.176,0.289,-0.134,0,5
52128,-0.909,-0.127,0.247,-5.657,-2.27,-1.348,0,5
52177,-0.909,0.003,0.376,14.704,4.176,2.055,0,5
52227,-0.871,-0.009,0.371,12.46,3.605,1.508,0,5
52261,-0.909,-0.074,0.297,1.466,-0.358,0.495,0,5
52311,-0.876,-0.022,0.366,11.027,2.265,0.731,0,5
52346,-0.871,-0.008,0.366,12.133,4.791,2.145,0,5
52396,-0.914,-0.002,0.376,7.023,4.532,1.977,0,5
52430,-0.894,-0.031,0.353,9.429,3.132,0.435,0,5
52480,-0.871,-0.006,0.376,13.366,4.94,0.13,0,5
52536,-0.89,-0.021,0.358,10.771,3.833,1.372,0,5
52585,-0.873,-0.012,0.372,12.545,2.536,1.758,0,5
52620,-0.895,-0.002,0.378,13.804,4.212,2.106,0,5
52669,-0.877,-0.013,0.372,11.914,3.143,1.504,0,5
52705,-0.91,-0.05,0.331,6.313,1.301,1.603,0,5
52754,-0.912,-0.087,0.293,0.795,-0.766,-0.399,0,5
52790,-0.937,-0.046,0.307,2.395,1.03,1.718,0,5
52839,-0.905,-0.032,0.352,8.175,2.847,1.477,0,5
52874,-0.889,-0.027,0.357,9.907,2.512,1.201,0,5
52923,-0.842,0.019,0.41,17.624,4.764,2.838,0,5
52979,-0.905,-0.045,0.33,6.879,1.316,1.786,0,5
53028,-0.903,-0.036,0.354,8.633,3.101,1.111,0,5
53064,-0.959,-0.097,0.289,-1.165,0.204,-0.922,0,5
53113,-0.846,0.019,0.392,17.686,5.88,2.293,0,5
53149,-0.852,0.004,0.393,15.435,4.903,2.551,0,5
53198,-0.869,0.002,0.377,13.645,3.864,1.611,0,5
53234,-0.923,-0.064,0.321,3.645,0.364,1.443,0,5
53283,-0.965,-0.031,0.281,-1.773,-0.773,1.229,0,5
53318,-0.936,-0.083,0.298,1.362,0.267,1.756,0,4
53368,-0.899,-0.035,0.344,8.869,2.582,1.16,0,5
53424,-0.92,-0.071,0.311,2.469,0.977,1.013,0,5
53474,-0.91,0.01,0.402,16.054,3.919,1.175,0,4
53509,-0.889,-0.053,0.341,8.55,-1.405,-0.824,0,4
53559,-0.914,-0.103,0.278,-2.586,0.795,0.948,0,3
53594,-0.898,-0.023,0.357,10.18,3.904,0.42,0,4
53643,-0.897,-0.025,0.35,10.108,3.605,0.496,0,4
53696,-0.895,-0.036,0.356,8.991,2.95,0.802,0,4
53745,-0.925,-0.065,0.325,4.053,1.914,1.672,0,4
53798,-0.909,0.014,0.395,15.728,5.901,2.397,0,5
53852,-0.882,-0.019,0.368,11.836,3.913,1.41,0,4
53904,-0.898,-0.034,0.359,9.377,3.266,1.597,0,4
53954,-0.94,-0.08,0.306,1.72,0.25,0.242,0,3
54006,-0.911,-0.021,0.369,10.908,3.349,1.47,0,4
54056,-0.896,0.023,0.419,18.29,6.14,2.798,0,5
54109,-0.897,0.044,0.437,21.533,8.443,3.559,0,6
54159,-0.837,0.029,0.41,18.979,8.471,1.641,0,5
54212,-0.933,-0.064,0.319,3.916,0.566,0.603,0,5
54261,-0.867,-0.003,0.381,14.216,5.195,2.075,0,5
54315,-0.821,-0.031,0.423,21.246,7.715,3.596,0,5
54410,-0.896,-0.033,0.351,8.985,3.265,1.475,0,5
54463,-0.913,-0.052,0.324,5.881,2.076,0.578,0,5
54513,-0.915,-0.015,0.38,12.381,4.635,1.86,0,5
54566,-0.909,-0.043,0.336,6.977,2.894,0.73,0,5
54616,-0.904,-0.073,0.301,3.659,1.216,0.471,0,5
54669,-0.915,-0.057,0.323,5.634,0.888,0.717,0,5
54719,-0.902,0.011,0.4,10.852,5.449,1.603,0,5
54771,-0.917,-0.064,0.312,7.45,1.867,0.76,0,5
54821,-0.865,0.012,0.407,9.198,7.074,-0.321,0,5
54875,-0.895,-0.047,0.333,8.016,2.197,0.915,0,5
54928,-0.854,-0.021,0.388,9.957,2.814,1.992,0,5
54981,-0.851,-0.037,0.397,12.399,-0.809,2.534,0,5
55030,-0.917,-0.052,0.345,6.019,-1.206,-0.038,0,4
55084,-1.008,-0.033,0.252,-8.22,-1.017,-0.258,5,5
55134,-0.894,-0.046,0.34,6.619,3.475,0.751,0,4
55186,-0.922,-0.054,0.33,4.796,0.392,0.312,0,4
55236,-0.877,-0.014,0.371,12.954,3.563,1.74,0,5
55289,-0.928,-0.061,0.327,4.111,0.637,0.171,0,4
55340,-0.91,-0.099,0.285,-1.734,-1.779,-0.467,0,3
55396,-0.897,-0.101,0.286,-1.064,0.87,-0.48,0,3
55445,-0.897,-0.043,0.346,7.216,2.109,0.637,0,4
55498,-0.845,0.02,0.388,16.969,4.563,2.504,0,5
55548,-0.89,-0.03,0.359,9.477,2.659,1.293,0,4
55602,-0.851,0.012,0.396,16.64,4.031,2.585,0,5
55651,-0.883,-0.016,0.375,11.684,2.613,1.612,0,4
55707,-0.897,0.013,0.357,15.872,5.055,2.27,0,5
55742,-0.914,-0.052,0.333,5.481,1.392,0.984,0,4
55790,-0.897,0.04,0.436,21.467,5.147,3.341,0,6
55825,-0.907,-0.042,0.351,7.308,1.654,0.945,0,4
55876,-0.836,0.034,0.42,18.407,4.202,1.534,0,5
55911,-0.988,-0.131,0.261,-5.698,-1.492,1.664,0,2
55960,-0.908,-0.051,0.34,5.939,1.408,0.768,0,4
55995,-0.896,0.0,0.378,14.069,3.599,1.641,0,5
56043,-0.896,-0.022,0.356,10.356,2.98,1.731,0,4
56078,-0.895,0.009,0.358,14.874,5.06,1.397,0,5
56127,-0.891,-0.092,0.362,0.399,-0.216,0.605,0,3
56162,-0.906,-0.07,0.351,2.132,0.889,1.885,0,3
56211,-0.91,-0.074,0.34,2.023,1.137,0.947,0,3
56246,-0.906,-0.037,0.346,8.241,3.425,0.206,0,4
56297,-0.912,-0.055,0.356,5.574,1.719,0.344,0,4
56332,-0.918,-0.056,0.326,4.734,1.522,0.892,0,4
56381,-0.895,-0.039,0.357,8.958,2.651,1.289,0,4
56416,-0.911,-0.051,0.344,6.516,2.17,1.019,0,4
56465,-0.901,-0.036,0.351,8.533,2.216,1.503,0,4
56500,-0.806,0.052,0.356,22.681,8.198,3.808,0,6
56548,-0.931,-0.046,0.36,3.531,1.313,0.326,0,3
56584,-0.897,-0.046,0.404,16.224,5.997,2.426,0,5
56632,-0.846,0.019,0.411,17.363,6.28,2.444,0,5
56687,-0.833,0.032,0.423,19.238,7.205,1.511,0,5
56736,-0.902,-0.035,0.354,7.928,1.742,0.978,0,4
56828,-0.893,-0.042,0.344,7.444,3.067,1.489,0,4
56863,-0.889,-0.029,0.352,9.168,4.251,1.03,0,4
56912,-0.954,-0.085,0.305,0.236,0.317,-0.104,0,3
56947,-0.92,-0.056,0.329,5.272,2.592,0.519,0,4
56996,-0.885,-0.025,0.363,11.165,5.288,0.534,0,4
57031,-0.851,0.007,0.393,16.472,7.215,0.626,0,4
57080,-0.973,-0.107,0.273,-2.84,-0.904,0.634,0,5
57115,-0.917,-0.047,0.335,6.046,1.032,0.795,0,4
57167,-0.839,0.024,0.416,18.568,5.25,2.523,0,4
57202,-0.982,-0.122,0.251,-5.498,-2.104,-1.408,0,3
57251,-0.925,-0.064,0.319,4.293,1.763,0.507,0,4
57286,-0.891,-0.028,0.355,9.476,3.207,1.635,0,4
57335,-0.918,-0.055,0.332,5.881,1.086,0.77,0,4
57383,-0.998,-0.133,0.257,-6.956,-2.802,-1.833,5,5
57419,-0.95,-0.087,0.294,0.023,0.024,-0.226,0,3
57468,-0.893,-0.032,0.356,9.364,3.008,1.286,0,4
57503,-0.912,-0.045,0.341,7.371,1.971,0.874,0,4
57552,-1.002,-0.138,0.248,-7.48,-2.891,-1.865,5,5
57585,-0.929,-0.072,0.321,2.762,0.827,0.437,0,3
57634,-0.941,-0.08,0.304,2.156,0.693,0.354,0,3
57669,-0.882,-0.022,0.36,11.691,2.174,1.842,0,4
57718,-0.894,-0.046,0.353,8.934,2.119,1.193,0,4
57753,-0.928,-0.06,0.325,4.617,1.681,0.391,0,4
57802,-0.909,-0.016,0.378,11.796,3.413,2.025,0,4
57851,-0.883,-0.02,0.369,10.988,2.863,1.672,0,4
57901,-0.929,-0.067,0.312,3.773,-0.384,0.49,0,4
57935,-0.832,-0.049,0.43,19.433,2.823,2.737,0,5
57988,-0.927,-0.07,0.357,3.795,0.903,0.496,0,3
58022,-0.887,-0.029,0.357,9.941,4.007,1.145,0,4
58072,-0.896,-0.028,0.364,9.488,3.536,1.373,0,4
58107,-0.894,-0.014,0.379,12.626,4.109,1.912,0,5
58157,-0.845,0.014,0.407,16.565,4.913,3.044,0,5
58191,-0.905,-0.04,0.339,6.902,1.616,1.262,0,4
58241,-0.896,-0.07,0.318,2.785,0.993,0.339,0,3
58276,-0.928,-0.07,0.32,3.482,0.594,0.573,0,3
58324,-0.911,-0.048,0.347,7.467,1.262,1.03,0,4
58360,-0.853,0.004,0.362,14.907,2.538,2.662,0,5
58413,-0.897,-0.046,0.36,6.368,1.386,0.922,0,4
58447,-0.897,-0.092,0.296,-0.828,-0.433,-0.087,0,3
58497,-0.934,-0.071,0.357,2.461,0.402,0.323,0,3
58532,-0.896,-0.05,0.356,6.705,2.666,0.374,0,4
58582,-0.902,-0.048,0.349,8.176,3.5,0.792,0,4
58616,-0.911,-0.047,0.347,5.627,1.721,0.358,0,4
58665,-0.921,-0.066,0.358,3.749,0.442,0.506,0,4
58701,-0.897,-0.042,0.362,8.518,2.791,1.206,0,4
58750,-0.902,-0.065,0.349,4.354,1.566,0.51,0,4
58807,-0.887,0.009,0.365,16.387,6.715,2.773,0,5
58856,-0.903,-0.084,0.322,1.252,0.396,-0.285,0,3
58891,-0.878,0.026,0.408,18.925,7.367,3.271,0,5
58940,-0.902,-0.047,0.348,6.964,2.213,0.718,0,4
59033,-0.893,-0.05,0.344,6.47,2.427,0.853,0,4
59085,-0.86,0.008,0.398,15.331,5.905,2.337,0,5
59136,-0.927,-0.032,0.326,3.807,0.878,0.178,0,4
59170,-0.907,-0.051,0.342,6.517,3.039,0.608,0,4
59219,-0.919,-0.06,0.335,5.085,1.863,1.557,0,4
59255,-0.811,0.047,0.435,22.193,8.161,1.489,0,6
59308,-0.896,-0.02,0.372,10.965,3.664,1.158,0,4
59343,-0.888,-0.029,0.357,9.763,4.16,0.45,0,4
59393,-0.982,-0.121,0.268,-5.343,-2.126,-1.105,0,2
59428,-0.943,-0.083,0.308,1.474,0.553,1.489,0,3
59478,-0.915,-0.053,0.329,5.478,1.327,0.448,0,4
59513,-0.943,-0.083,0.357,0.99,-0.124,-0.262,0,3
59563,-0.896,-0.047,0.31,1.607,1.136,0.314,0,3
59598,-0.886,-0.023,0.368,10.824,5.392,1.912,0,4
59648,-0.911,0.009,0.396,16.224,7.141,0.595,0,5
59682,-0.899,-0.039,0.347,8.5,4.098,0.784,0,4
59736,-0.931,-0.072,0.316,2.908,0.779,0.334,0,3
59788,-0.941,-0.074,0.308,2.166,0.403,0.19,0,4
59838,-0.842,0.023,0.408,18.048,5.871,3.334,0,4
59891,-0.901,-0.038,0.347,7.683,2.622,1.346,0,4
59940,-0.866,-0.009,0.378,13.536,5.26,2.045,0,5
59994,-0.915,-0.044,0.34,6.802,2.677,0.565,0,4
60043,-0.899,-0.042,0.34,8.221,2.413,1.501,0,4
60096,-0.865,0.002,0.261,8.977,-3.992,0.458,0,4
60145,-0.893,-0.048,0.349,6.916,1.151,2.733,0,5
60201,-0.91,-0.046,0.346,7.938,1.951,0.603,0,4
60252,-0.88,-0.026,0.368,9.885,3.547,0.137,0,5
60304,-0.934,-0.068,0.319,4.953,1.736,1.131,0,3
60354,-0.9,-0.04,0.348,8.331,0.92,0.947,0,4
60406,-0.889,-0.032,0.367,9.712,1.177,1.238,0,4
60456,-0.869,-0.015,0.38,12.741,5.357,1.556,0,5
60510,-0.996,-0.129,0.259,-6.934,-1.399,-1.146,5,5
60559,-0.835,0.024,0.413,18.214,5.138,2.423,0,5
60612,-0.891,-0.044,0.351,7.882,1.576,0.626,0,4
60662,-0.897,-0.013,0.38,12.335,3.426,1.626,0,5
60719,-0.968,-0.102,0.283,-2.395,-1.317,-0.295,0,3
60768,-0.872,-0.013,0.382,12.695,3.269,0.198,0,5
60817,-0.893,-0.05,0.384,8.481,4.97,1.637,0,5
60867,-0.903,-0.047,0.346,7.057,2.414,1.005,0,4
60920,-0.916,-0.055,0.342,6.158,2.053,0.963,0,4
60969,-0.928,-0.047,0.359,3.862,1.566,0.643,0,4
61023,-0.907,-0.045,0.352,7.67,1.377,0.427,0,4
61073,-0.897,-0.062,0.33,5.073,1.854,0.364,0,4
61122,-0.937,-0.075,0.312,2.304,0.57,1.466,0,3
61175,-0.843,0.01,0.399,16.555,4.952,2.86,0,5
61229,-0.895,-0.029,0.368,10.462,4.076,1.645,0,4
61282,-0.909,-0.055,0.337,6.162,2.505,0.895,0,4
61331,-0.917,-0.054,0.341,5.592,2.444,0.894,0,4
61384,-0.925,-0.047,0.324,4.462,1.476,0.408,0,4
61434,-0.926,-0.065,0.326,4.312,1.147,0.193,0,4
61527,-0.943,-0.084,0.325,3.294,0.896,0.222,0,3
61580,-0.892,-0.046,0.345,7.536,3.544,1.125,0,4
61636,-0.92,-0.08,0.344,7.002,4.31,1.27,0,3
61671,-0.897,-0.031,0.284,9.916,-10.489,-2.366,0,3
61722,-0.891,-0.049,0.295,9.008,-2.252,-0.832,0,5
61757,-0.9,-0.046,0.355,9.62,5.275,1.794,0,5
61806,-0.912,-0.014,0.364,10.499,3.776,1.43,0,4
61841,-0.924,-0.075,0.312,3.231,-1.308,0.508,0,3
61889,-0.892,-0.046,0.359,7.715,1.984,0.88,0,4
61924,-0.887,-0.021,0.356,11.032,4.21,1.909,0,4
61973,-0.894,-0.025,0.36,10.56,4.013,1.427,0,4
62008,-0.977,-0.108,0.28,-3.041,-0.707,-0.986,0,3
62056,-0.841,0.014,0.405,17.512,6.029,2.417,0,5
62092,-0.932,-0.075,0.356,2.48,-0.093,0.068,0,3
62143,-0.896,-0.064,0.358,4.237,1.741,0.619,0,4
62178,-0.896,-0.091,0.296,-0.011,0.906,-0.175,0,3
62227,-0.895,-0.031,0.359,9.243,3.153,1.433,0,4
62262,-0.889,-0.047,0.361,10.392,2.855,1.229,0,4
62310,-0.896,-0.046,0.315,1.834,0.05,-0.253,0,3
62345,-0.909,-0.051,0.336,7.027,2.583,0.8,0,4
62394,-0.878,-0.023,0.356,11.374,3.045,1.729,0,4
62429,-0.913,-0.056,0.334,5.718,1.036,0.53,0,4
62478,-0.912,-0.051,0.34,5.917,0.878,0.462,0,4
62513,-0.897,-0.095,0.299,-0.116,0.159,-0.436,0,3
62564,-0.964,-0.105,0.288,-2.186,-0.747,-0.35,0,3
62600,-0.863,-0.047,0.385,14.41,4.275,2.529,0,5
62648,-0.91,-0.024,0.367,10.514,2.698,1.475,0,4
62684,-0.984,-0.124,0.262,-4.921,-1.442,-0.936,0,3
62732,-0.897,-0.111,0.358,-3.12,-0.617,0.351,0,3
62767,-0.899,-0.044,0.354,7.809,1.69,0.655,0,4
62816,-0.915,-0.055,0.356,5.778,0.66,0.421,0,4
62851,-0.879,-0.048,0.363,11.517,2.85,1.607,0,4
62900,-0.895,-0.017,0.36,11.379,2.426,1.527,0,4
62955,-0.906,-0.049,0.357,7.443,1.517,1.125,0,4
63004,-0.873,-0.014,0.375,12.38,3.564,1.237,0,5
63039,-0.876,-0.012,0.357,12.864,4.276,1.794,0,5
63088,-0.886,-0.027,0.364,10.28,3.581,1.458,0,4
63123,-0.897,-0.048,0.34,7.464,2.667,0.58,0,4
63172,-0.882,-0.024,0.372,11.007,3.733,1.109,0,4
63207,-0.939,-0.076,0.313,1.994,0.109,1.473,0,3
63256,-0.896,-0.034,0.357,9.807,2.054,1.451,0,4
63291,-0.824,0.04,0.356,21.238,6.107,3.44,0,6
63340,-0.904,-0.04,0.354,7.868,1.878,0.827,0,4
63395,-0.895,-0.048,0.358,6.342,0.613,0.688,0,4
63444,-0.895,-0.122,0.361,-5.027,-1.987,-0.726,0,3
63480,-0.969,-0.108,0.343,-3.197,-0.366,-0.819,0,3
63528,-0.831,0.027,0.366,18.906,6.387,2.509,0,5
63564,-0.895,-0.04,0.354,8.337,2.468,0.761,0,4
63612,-0.88,-0.047,0.365,12.718,3.948,0.55,0,5
63648,-0.92,-0.089,0.357,0.438,-0.546,0.036,0,3
63740,-0.894,-0.006,0.386,13.905,5.129,2.216,0,5
63775,-0.892,-0.047,0.36,6.544,2.079,0.624,0,4
63824,-0.896,-0.094,0.36,-0.779,-0.391,-0.266,0,3
63880,-0.893,-0.046,0.351,7.669,1.849,1.345,0,4
63929,-0.914,-0.055,0.337,5.919,1.788,0.692,0,4
63965,-0.896,-0.046,0.36,7.07,2.728,0.55,0,4
64014,-0.896,-0.124,0.357,-5.366,-1.439,-0.992,0,2
64049,-0.899,-0.041,0.353,8.127,2.249,1.443,0,4
64098,-0.87,-0.014,0.384,12.4,3.73,2.064,0,5
64134,-0.809,0.047,0.357,22.605,7.755,3.51,0,6
64182,-0.912,-0.052,0.366,6.17,2.63,0.861,0,4
64218,-0.898,-0.035,0.357,8.624,2.661,1.531,0,4
64270,-0.909,-0.046,0.339,6.516,2.353,0.798,0,4
64305,-0.897,-0.046,0.361,7.892,2.333,0.916,0,4
64354,-0.896,-0.047,0.361,4.318,1.625,0.287,0,4
64390,-0.847,0.01,0.36,16.243,6.403,2.52,0,5
64439,-0.896,-0.02,0.379,11.602,5.063,1.749,0,4
64474,-0.85,0.013,0.358,16.567,6.037,2.929,0,5
64523,-0.917,-0.049,0.336,5.37,1.429,0.894,0,4
64559,-0.956,-0.1,0.356,-1.471,-0.628,-1.027,0,3
64608,-0.858,-0.046,0.391,14.899,5.735,2.536,0,5
64643,-0.896,-0.027,0.364,9.963,3.849,1.721,0,4
64696,-0.919,-0.056,0.356,5.002,0.837,0.544,0,4
64731,-0.931,-0.049,0.322,2.874,0.041,0.312,0,3
64780,-0.906,-0.048,0.34,6.368,1.82,0.487,0,4
64816,-0.941,-0.082,0.356,1.567,1.712,0.1,0,3
64865,-0.87,-0.046,0.381,12.786,4.978,1.521,0,5
64900,-0.859,-0.001,0.392,14.846,4.804,2.439,0,5
64950,-0.955,-0.09,0.307,0.118,-1.327,-0.307,0,3
64985,-0.899,-0.042,0.345,7.804,3.12,1.229,0,4
65034,-0.877,-0.046,0.376,11.615,4.198,1.898,0,4
65070,-0.969,-0.103,0.364,-2.32,-1.312,1.557,0,3
65122,-0.888,-0.023,0.373,10.398,2.805,1.721,0,4
65171,-0.896,-0.036,0.362,9.187,2.776,0.634,0,4
65220,-0.932,-0.066,0.313,2.844,0.814,0.595,0,3
65269,-0.87,-0.01,0.358,13.36,4.052,2.172,0,5
65319,-0.895,-0.05,0.358,6.359,1.7,0.615,0,4
65369,-0.896,-0.006,0.363,12.825,4.087,1.79,0,5
65418,-0.902,-0.05,0.356,6.358,1.646,1.19,0,4
65467,-0.905,-0.068,0.322,3.4,1.124,0.626,0,3
65503,-0.891,0.048,0.36,22.576,6.362,3.222,0,6
65555,-0.895,-0.048,0.36,8.721,1.126,1.106,0,4
65591,-0.892,-0.052,0.357,6.211,1.895,1.043,0,4
65640,-0.927,-0.074,0.318,2.397,1.191,0.274,0,3
65676,-0.935,-0.077,0.312,1.451,0.842,-0.08,0,3
65725,-0.931,-0.066,0.359,3.823,1.097,0.659,0,4
65761,-0.914,-0.054,0.33,5.35,0.399,0.517,0,4
65810,-0.897,-0.008,0.383,13.846,3.685,2.218,0,5
65862,-0.895,-0.079,0.312,1.362,0.802,0.602,0,3
65912,-0.919,-0.055,0.362,5.345,0.372,1.233,0,4
66004,-0.893,-0.006,0.358,8.733,5.316,0.965,0,5
66061,-0.823,0.034,0.353,20.563,5.044,1.794,0,5
66111,-0.981,-0.123,0.367,-5.231,-2.585,0.45,0,2
66163,-0.926,-0.068,0.347,3.859,2.903,0.86,0,3
66213,-0.908,-0.048,0.362,6.873,1.521,1.164,0,4
66266,-0.893,-0.046,0.36,1.321,-0.232,-0.252,0,3
66316,-0.902,-0.039,0.359,8.684,3.32,1.456,0,4
66369,-0.954,-0.093,0.362,-0.313,-0.479,-0.513,0,3
66418,-0.897,-0.073,0.364,2.887,0.237,-0.123,0,3
66471,-0.894,-0.077,0.358,1.953,0.602,1.473,0,3
66521,-0.848,0.004,0.409,16.199,5.896,2.982,0,5
66577,-0.893,0.002,0.357,17.485,5.452,2.814,0,5
66627,-0.895,-0.046,0.356,4.283,1.219,1.55,0,4
66680,-0.896,-0.045,0.356,1.232,-0.218,-0.059,0,3
66729,-0.892,-0.051,0.36,3.846,1.095,-0.024,0,3
66783,-0.889,-0.04,0.364,8.56,3.245,1.203,0,4
66833,-0.91,-0.055,0.319,2.277,1.232,0.338,0,3
66885,-0.91,-0.061,0.324,3.278,0.32,-0.084,0,3
66935,-0.938,-0.096,0.357,-1.282,-1.149,-0.576,0,3
66989,-0.908,-0.046,0.359,6.583,2.567,0.969,0,4
67042,-0.915,-0.047,0.361,6.096,2.661,0.682,0,4
67094,-0.919,-0.061,0.361,4.733,1.456,0.483,0,4
67144,-0.871,-0.014,0.365,12.642,4.09,1.557,0,5
67197,-0.889,-0.025,0.366,9.682,3.71,1.297,0,4
67248,-0.837,0.024,0.408,18.515,7.982,0.496,0,5
67301,-0.916,-0.053,0.338,5.257,2.212,0.862,0,4
67350,-0.873,-0.014,0.382,12.103,5.705,1.843,0,5
67403,-0.843,0.021,0.417,17.674,6.13,2.712,0,5
67453,-0.876,-0.016,0.379,12.345,4.502,2.047,0,5
67509,-0.922,-0.07,0.326,3.372,0.671,0.281,0,3
67563,-0.906,-0.051,0.356,6.787,2.838,0.54,0,4
67612,-0.896,-0.096,0.343,-0.788,-0.108,0.141,0,3
67647,-0.917,-0.076,0.382,1.92,-0.893,0.458,0,3
67695,-0.914,-0.051,0.379,-2.155,-1.674,0.382,0,3
67730,-0.902,-0.033,0.344,9.467,5.587,1.526,0,4
67779,-0.917,-0.06,0.339,4.902,1.994,0.638,0,4
67827,-0.829,0.043,0.356,20.759,6.165,2.899,0,5
67876,-0.859,-0.005,0.357,14.275,5.233,1.796,0,5
67911,-0.859,0.004,0.395,14.863,5.371,1.934,0,5
67959,-0.893,-0.048,0.366,10.216,3.389,1.653,0,4
68015,-0.839,0.018,0.412,17.876,5.464,2.477,0,5
68064,-0.899,-0.039,0.356,9.077,3.394,0.466,0,4
68099,-0.887,-0.029,0.356,10.659,5.101,1.056,0,4
68147,-0.861,0.004,0.356,14.696,5.685,1.84,0,5
68183,-0.844,-0.047,0.412,17.535,5.287,1.08,0,5
68231,-0.897,-0.049,0.362,-3.379,-1.321,-0.036,0,3
68265,-0.916,-0.054,0.336,6.011,1.617,0.924,0,4
68315,-0.893,-0.006,0.359,13.518,3.471,1.939,0,5
68349,-0.901,-0.047,0.343,7.653,2.048,1.504,0,4
68402,-0.928,-0.067,0.318,3.637,0.185,0.525,0,3
68493,-0.827,-0.046,0.42,19.804,5.765,2.717,0,5
68529,-0.897,-0.04,0.348,8.237,2.767,1.084,0,4
68577,-0.942,-0.077,0.315,2.167,-0.25,0.133,0,3
68612,-0.89,-0.128,0.259,-6.391,-2.58,-1.377,5,5
68661,-0.908,-0.052,0.366,6.423,0.937,0.555,0,4
68696,-0.897,-0.049,0.356,0.829,1.015,1.603,0,3
68745,-0.895,-0.018,0.376,11.368,3.011,2.067,0,4
68780,-0.913,-0.043,0.363,6.787,1.539,0.769,0,4
68829,-0.915,-0.061,0.335,5.42,1.718,0.456,0,4
68884,-0.89,0.044,0.359,21.836,5.976,3.526,0,6
68933,-0.908,-0.05,0.359,6.586,0.94,1.114,0,4
68968,-0.895,-0.022,0.359,10.863,4.592,1.685,0,4
69016,-0.893,-0.062,0.358,5.036,2.673,0.629,0,4
69052,-0.895,-0.061,0.356,3.932,0.446,1.527,0,4
69100,-0.917,-0.065,0.324,4.569,0.256,0.62,0,4
69136,-0.891,-0.038,0.361,8.839,2.889,1.094,0,4
69185,-0.896,0.0,0.394,14.394,4.794,2.028,0,5
69220,-0.89,-0.05,0.366,6.924,1.307,0.76,0,4
69269,-0.896,0.004,0.369,15.47,4.745,2.025,0,5
69324,-0.895,-0.066,0.36,3.514,0.785,0.385,0,3
69373,-0.936,-0.094,0.357,-0.118,-1.091,-0.507,0,3
69408,-0.895,-0.051,0.361,6.707,1.21,1.086,0,4
69457,-0.87,-0.016,0.362,12.326,4.587,2.192,0,5
69492,-0.891,-0.032,0.367,9.514,3.049,1.618,0,4
69541,-0.935,-0.075,0.356,2.253,0.564,-0.134,0,3
69576,-0.897,-0.05,0.356,6.34,1.833,0.443,0,4
69625,-0.895,-0.026,0.369,10.244,3.238,1.625,0,4
69660,-0.894,-0.055,0.36,4.779,1.146,0.504,0,4
69712,-0.893,-0.086,0.365,0.221,0.122,-0.581,0,3
69748,-0.897,-0.046,0.356,16.355,6.266,2.34,0,5
69796,-0.917,-0.056,0.362,5.193,1.243,0.828,0,4
69832,-0.928,-0.069,0.357,3.21,1.322,1.496,0,3
69881,-0.888,-0.045,0.366,6.672,3.311,0.684,0,4
69916,-0.838,0.013,0.362,17.374,6.917,2.801,0,5
69965,-0.894,-0.045,0.347,7.283,1.606,1.093,0,4
70001,-0.892,-0.047,0.362,1.195,-0.244,-0.268,0,3
70049,-0.895,-0.077,0.361,1.804,1.118,0.196,0,3
70085,-0.896,-0.053,0.359,4.359,1.56,1.557,0,4
70137,-0.892,-0.047,0.363,11.85,4.296,1.994,0,4
70172,-0.893,-0.038,0.359,18.34,6.166,2.627,0,5
70221,-0.869,-0.051,0.361,12.743,4.335,1.493,0,5
70257,-0.909,-0.047,0.345,6.319,1.342,0.984,0,4
70306,-0.893,-0.022,0.394,14.409,4.552,2.245,0,5
70341,-0.896,-0.029,0.377,11.43,4.619,1.924,0,4
70390,-0.894,-0.046,0.358,3.356,1.385,0.136,0,3
70426,-0.907,-0.049,0.357,6.38,1.72,0.9,0,4
70475,-0.888,-0.028,0.366,9.938,3.453,0.634,0,4
70510,-0.904,-0.041,0.362,7.553,2.292,0.882,0,4
70562,-0.91,-0.063,0.346,6.669,1.169,1.473,0,4
70598,-0.895,-0.033,0.356,7.489,1.757,1.427,0,4
70690,-0.875,-0.029,0.312,8.916,0.165,0.153,0,4
70726,-0.911,-0.079,0.35,7.18,5.557,0.982,0,3
70775,-0.89,-0.004,0.358,10.338,5.619,1.191,0,5
70810,-0.931,-0.085,0.321,3.391,-2.523,0.029,0,3
70859,-0.889,-0.067,0.365,4.225,-1.537,0.645,0,4
70895,-0.893,-0.055,0.358,5.959,2.828,0.744,0,4
70944,-0.899,-0.044,0.367,8.029,3.797,1.111,0,4
71001,-0.9,-0.046,0.359,7.742,1.851,0.875,0,4
71050,-0.886,-0.005,0.369,14.048,3.982,2.044,0,5
71086,-0.895,-0.052,0.363,6.49,1.763,0.722,0,4
71135,-0.967,-0.11,0.369,-2.821,-0.778,-0.777,0,3
71170,-0.87,-0.046,0.357,13.041,3.847,1.721,0,5
71220,-0.894,-0.009,0.367,13.65,4.0,2.108,0,5
71255,-0.89,0.023,0.425,18.825,5.433,2.969,0,5
71304,-0.894,-0.014,0.362,12.33,3.723,1.948,0,4
71340,-0.896,-0.081,0.357,2.176,0.377,-0.342,0,4
71389,-0.938,-0.074,0.358,2.671,0.222,0.085,0,3
71441,-0.897,-0.035,0.368,8.056,1.054,1.445,0,3
71491,-0.896,-0.085,0.368,0.362,0.572,-0.629,0,3
71540,-0.895,-0.049,0.371,9.058,3.692,1.281,0,3
71575,-0.958,-0.064,0.363,-1.563,-1.298,-0.214,0,3
71625,-0.869,-0.038,0.372,13.133,3.382,2.157,0,3
71660,-0.889,-0.051,0.367,6.154,1.641,0.527,0,3
71709,-0.895,-0.044,0.362,4.13,0.905,0.018,0,3
71745,-0.891,-0.037,0.365,9.532,3.035,1.525,0,3
71794,-0.916,-0.057,0.36,3.376,0.66,0.447,0,3
71844,-0.894,-0.011,0.366,13.737,3.871,2.296,0,3
71877,-0.888,0.013,0.36,16.491,4.113,1.702,0,3
71926,-0.894,-0.051,0.359,6.113,0.889,0.935,0,3
71980,-0.897,-0.046,0.365,13.758,4.075,2.079,0,3
72029,-0.891,-0.019,0.373,11.023,3.483,1.602,0,3
72082,-0.864,-0.047,0.367,14.356,4.108,2.273,0,3
72132,-0.897,-0.047,0.367,3.693,0.777,1.496,0,3
72184,-0.911,-0.079,0.363,1.072,-0.449,0.143,0,3
72235,-0.896,0.016,0.361,17.454,4.725,0.542,0,3
72287,-0.897,0.013,0.374,15.768,4.599,2.072,0,3
72340,-0.894,-0.013,0.374,11.979,4.86,1.571,0,3
72393,-0.896,-0.008,0.367,13.245,5.157,1.064,0,3
72442,-0.89,-0.047,0.361,12.156,4.716,1.443,0,3
72496,-0.891,-0.053,0.367,5.647,1.09,1.947,0,3
72546,-0.897,-0.066,0.362,4.251,1.258,0.813,0,3
72598,-0.891,-0.055,0.373,5.267,2.008,1.04,0,3
72648,-0.895,-0.059,0.369,4.475,2.026,1.045,0,3
72701,-0.897,-0.02,0.371,10.718,4.193,1.082,0,3
72751,-0.894,-0.052,0.366,6.817,2.457,0.844,0,3
72804,-0.911,-0.054,0.369,6.236,2.054,0.873,0,3
72857,-0.899,-0.044,0.365,8.156,3.306,1.039,0,3
72910,-0.917,-0.056,0.37,5.873,1.981,0.988,0,4
72960,-0.889,-0.053,0.363,4.878,1.612,1.534,0,3
73013,-0.907,-0.046,0.369,6.496,1.954,0.398,0,3
