Timestamp(ms),AccelX(g),AccelY(g),AccelZ(g),GyroX(deg/s),GyroY(deg/s),GyroZ(deg/s),DistanceLeft(cm),DistanceRight(cm)
26832,-0.063,-0.919,0.162,1.004,9.809,-9.191,96,57
26880,-0.083,-1.012,0.172,-4.702,12.221,-9.108,118,53
26926,-0.076,-1.094,0.174,-7.471,14.336,-16.976,94,50
26972,-0.093,-1.031,0.182,-7.477,12.603,-15.419,93,51
27017,-0.084,-1.157,0.181,-16.187,8.939,-26.084,94,47
27063,-0.084,-0.919,0.183,-5.824,5.733,-4.008,93,57
27109,-0.089,-0.933,0.187,-6.42,8.282,-3.898,91,57
27157,-0.15,-1.053,0.199,-7.527,7.832,-10.562,90,53
27204,-0.194,-1.087,0.19,-7.275,-1.068,-12.956,90,85
27250,-0.105,-0.949,0.199,-7.649,5.878,-3.194,88,59
27296,-0.178,-1.119,0.225,-9.87,8.182,13.342,85,80
27343,-0.08,-1.08,0.168,-5.504,6.346,-1.506,83,83
27388,-0.107,-1.098,0.171,-8.115,5.092,11.481,81,57
27436,-0.275,-1.29,0.15,-14.42,-10.513,-3.884,78,89
27481,-0.207,-1.402,0.225,-17.817,-17.267,23.228,75,57
27526,-0.111,-0.959,-0.09,-10.42,-27.672,14.748,76,60
27574,-0.083,-0.96,0.078,-7.115,-17.168,40.947,76,63
27619,-0.181,-1.074,0.028,1.954,-17.206,47.893,73,67
27669,-0.02,-0.916,0.183,9.366,-32.542,56.527,98,127
27716,-0.06,-1.138,-0.124,14.137,-20.931,59.626,95,72
27763,0.022,-0.719,0.227,15.008,-4.707,60.061,95,77
27810,-0.069,-0.771,-0.196,18.107,-24.809,60.489,93,81
27858,-0.209,-0.725,-0.029,11.626,-13.915,56.374,95,84
27906,-0.137,-0.799,0.068,9.595,-7.633,39.885,89,84
27953,-0.128,-0.906,0.065,8.076,-16.031,15.473,90,85
28003,-0.172,-1.131,-0.067,-2.769,-18.208,-13.237,89,88
28051,-0.147,-1.087,0.035,0.555,-3.34,-33.092,89,89
28098,-0.184,-1.147,0.101,-1.523,7.046,-49.71,82,89
28145,-0.176,-1.257,0.103,-10.626,5.689,-61.504,87,89
28192,-0.256,-1.479,0.212,-15.786,9.927,-75.901,82,89
28239,-0.211,-1.507,0.149,-14.305,-16.382,-83.977,82,91
28286,-0.01,-0.996,0.109,3.84,8.167,-64.542,82,91
28339,-0.014,-0.661,0.191,-0.819,34.351,-26.038,82,167
28388,-0.089,-0.976,0.098,1.682,49.664,-30.336,84,123
28440,-0.025,-0.808,0.137,16.359,72.511,-19.099,91,112
28488,-0.208,-0.781,0.134,-4.408,82.466,-14.603,92,105
28538,-0.215,-0.738,0.175,8.008,52.229,16.051,93,120
28593,-0.201,-0.705,0.194,5.672,16.603,8.336,94,0
28643,-0.276,-0.809,0.115,-7.927,7.42,-7.042,125,107
28696,-0.214,-1.021,0.162,-7.992,-9.767,-0.188,142,121
28747,-0.061,-0.923,0.162,-6.534,-6.614,14.101,126,115
28800,-0.214,-1.085,0.195,-10.618,-20.649,-0.754,137,110
28857,-0.113,-1.127,0.244,-11.198,-39.239,-18.413,134,165
28909,-0.142,-1.239,0.269,-6.26,-20.809,25.176,133,117
28960,-0.024,-1.539,0.192,7.539,-23.473,18.13,129,112
29012,0.006,-1.239,0.169,-10.473,-23.901,40.025,126,122
29069,-0.121,-0.846,0.099,-5.855,-30.366,21.901,122,0
29115,-0.204,-0.868,0.169,7.173,-50.008,23.305,114,31
29161,-0.173,-0.791,-0.032,0.177,-49.656,27.237,118,36
29210,-0.173,-0.727,-0.024,-3.242,-49.275,34.183,164,37
29299,-0.192,-0.816,0.009,-2.444,-45.58,38.397,108,43
29348,-0.446,-0.873,-0.094,-12.392,-49.626,33.229,32,14
29398,-0.182,-0.734,0.027,5.065,-50.038,24.832,152,52
29447,-0.096,-1.043,-0.051,3.613,-32.924,20.153,149,56
29504,-0.264,-1.089,0.008,-8.225,-48.259,20.947,147,198
29554,-0.201,-1.039,0.099,-15.489,-7.738,11.412,145,63
29612,-0.256,-1.173,0.156,-19.565,-40.542,-34.593,144,0
29669,-0.193,-1.239,0.157,-14.313,-48.885,-30.901,136,0
29725,-0.176,-1.419,0.176,-16.26,-34.809,-51.595,133,0
29774,-0.186,-1.336,0.104,7.71,-20.357,-64.015,111,34
29821,-0.074,-0.618,0.162,15.427,20.855,-29.901,131,36
29878,-0.173,-0.756,0.168,-0.753,5.817,-4.1,122,0
29926,-0.192,-1.024,0.079,13.977,-19.901,11.092,136,35
29973,-0.041,-0.882,0.011,19.794,2.688,25.084,130,36
30022,-0.155,-0.798,0.103,0.426,32.725,37.099,132,83
30070,-0.264,-0.798,0.188,6.674,8.282,41.038,134,41
30117,-0.302,-0.747,0.239,-3.222,-38.069,29.74,132,36
30166,-0.221,-0.859,0.15,-7.183,-67.595,9.015,145,41
30217,-0.143,-0.909,0.118,-4.299,-62.252,-4.228,124,40
30264,-0.258,-0.915,0.108,-7.771,-44.626,-9.076,124,38
30311,-0.186,-0.9,0.155,-10.481,-31.656,-5.49,120,44
30357,-0.219,-0.995,0.179,-15.817,-35.534,-10.394,113,44
30404,-0.25,-1.122,0.189,-19.55,-42.137,-9.084,114,52
30451,-0.232,-1.231,0.152,-19.29,-37.557,-10.595,113,46
30498,-0.311,-1.341,0.217,-26.046,-34.725,-3.386,108,47
30544,-0.347,-1.339,0.152,-27.718,-54.969,14.26,93,55
30592,-0.208,-0.87,0.099,-14.985,-71.305,37.611,110,56
30643,-0.254,-0.964,0.059,-13.107,-72.58,51.809,108,58
30691,-0.22,-0.967,-0.033,-7.221,-75.229,40.221,120,62
30739,-0.186,-0.886,-0.037,-6.489,-76.992,40.962,118,59
30787,-0.247,-0.808,-0.04,-7.26,-67.023,37.366,116,63
30835,-0.206,-0.8,-0.119,-16.034,-61.099,31.588,113,68
30882,-0.22,-0.807,-0.015,-7.948,-66.389,25.397,110,62
30930,-0.216,-0.858,0.026,-8.71,-69.298,19.672,106,71
30979,-0.264,-1.1,-0.065,-5.527,-58.763,16.901,122,51
31029,-0.073,-0.864,-0.022,2.386,-18.298,14.206,101,62
31077,-0.236,-1.035,0.026,-14.466,-42.93,-2.511,97,70
31124,-0.321,-1.173,0.159,-21.42,-30.908,-23.309,94,84
31171,-0.235,-0.888,0.128,-24.718,-49.672,-10.74,91,69
31221,-0.271,-1.258,0.202,-25.779,-46.924,-19.168,110,90
31269,-0.337,-1.453,0.27,-28.267,-71.802,-26.725,107,79
31319,-0.212,-1.686,0.125,-20.656,-85.359,-31.313,104,81
31367,-0.04,-1.171,0.113,2.476,-44.885,-21.153,103,83
31418,0.069,-0.595,0.101,15.053,7.099,24.351,94,84
31466,-0.129,-0.834,0.16,18.16,25.626,39.626,91,85
31515,-0.106,-0.948,0.082,34.42,12.015,30.771,99,88
31564,-0.082,-0.797,0.212,34.237,15.687,30.466,107,91
31613,-0.048,-0.752,0.167,20.916,38.58,26.137,107,95
31663,-0.318,-0.736,0.137,18.947,53.069,15.824,106,93
31713,-0.168,-0.676,0.169,8.267,40.115,-5.088,106,100
31806,-0.259,-0.873,0.171,-6.069,18.176,-32.687,106,104
31855,-0.258,-1.288,0.162,-13.496,5.794,-49.336,106,96
31908,-0.338,-1.059,0.252,-22.878,-15.86,-59.947,92,101
31956,-0.314,-1.095,0.245,-25.672,-24.969,-57.13,89,97
32006,-0.253,-1.128,0.246,-21.702,-19.336,-43.412,89,97
32055,-0.238,-1.215,0.267,-22.458,29.523,-15.58,86,116
32104,-0.368,-1.487,0.282,-10.763,0.299,0.788,87,102
32153,-0.337,-1.343,0.183,-12.856,-21.328,-24.153,78,114
32202,-0.061,-0.713,0.013,10.015,6.84,30.221,82,119
32252,-0.307,-0.894,0.102,6.641,28.557,45.427,81,118
32304,-0.376,-0.92,0.109,11.992,-21.191,34.458,95,140
32358,-0.207,-0.705,0.112,-8.081,-43.817,37.924,91,131
32409,-0.183,-0.712,-0.003,-3.872,-51.496,43.832,90,144
32462,-0.241,-0.789,0.121,8.937,-59.695,45.603,108,157
32516,-0.301,-1.037,0.025,-0.984,-79.13,26.779,87,167
32569,-0.174,-0.907,-0.043,9.917,-71.359,11.733,83,170
32621,-0.169,-1.003,-0.022,-2.27,-42.038,13.679,82,172
32675,-0.143,-1.015,-0.014,-7.405,-18.581,18.504,93,180
32729,-0.237,-1.141,0.171,-16.069,24.717,16.107,91,178
32788,-0.244,-1.238,0.107,-6.015,-15.901,-12.03,94,0
32836,-0.262,-1.44,0.25,-6.916,17.908,-14.87,107,67
32889,-0.188,-1.381,0.158,7.626,24.641,-30.794,86,185
32945,-0.086,-0.621,0.209,15.878,43.427,-14.45,104,184
32999,-0.229,-0.784,0.301,7.251,37.832,38.739,104,182
33047,-0.075,-0.983,-0.02,27.656,30.412,16.611,104,72
33101,-0.119,-0.697,0.167,22.573,67.763,16.962,105,70
33149,-0.231,-0.75,0.167,15.824,63.748,4.687,110,72
33197,-0.278,-0.731,0.217,20.046,40.061,-15.794,109,72
33251,-0.259,-0.748,0.153,12.099,16.794,-42.435,110,149
33303,-0.257,-0.894,0.107,7.405,14.687,-68.573,108,150
33356,-0.269,-1.038,0.135,-4.604,18.237,-83.084,89,181
33409,-0.212,-0.9,0.122,-0.271,21.122,-72.397,88,176
33460,-0.293,-1.168,0.233,-12.977,26.87,-60.962,82,155
33512,-0.272,-1.17,0.251,-14.855,14.153,-45.756,81,180
33562,-0.336,-1.278,0.334,-20.336,5.468,-29.519,79,150
33614,-0.37,-1.389,0.321,-29.824,-36.221,-17.977,78,183
33669,-0.221,-1.144,0.166,-14.55,-65.87,-25.024,75,158
33721,-0.25,-0.757,0.138,-18.328,-47.771,34.29,22,56
33773,-0.192,-1.403,-0.233,-16.102,-31.588,49.382,71,189
33827,-0.049,-0.911,0.125,22.015,-0.773,71.275,91,199
33881,-0.309,-0.748,-0.042,13.023,8.092,90.534,86,0
33935,-0.205,-0.754,0.004,13.916,-18.258,100.886,85,0
33989,-0.249,-0.79,0.103,9.519,10.415,96.985,103,0
34043,-0.177,-0.844,-0.045,7.443,-28.45,72.321,98,0
34098,-0.299,-1.078,-0.019,6.015,-15.699,41.282,94,0
34155,-0.177,-0.951,-0.03,-1.795,4.708,8.333,92,0
34208,-0.274,-1.15,0.101,-13.908,-15.918,-22.221,89,199
34263,-0.245,-1.223,-0.126,-16.504,-34.776,-47.489,87,0
34317,-0.316,-1.379,0.181,-18.901,1.71,-66.489,86,0
34370,-0.345,-1.514,0.213,-25.046,-27.771,-66.321,86,0
34467,-0.073,-0.808,0.107,14.955,7.42,-54.885,89,0
34522,-0.221,-0.654,0.283,-11.276,35.099,-17.611,89,0
34576,-0.214,-0.862,0.17,16.412,21.351,-26.65,90,0
34629,-0.059,-0.831,0.363,28.641,41.099,31.899,91,0
34686,-0.139,-0.601,0.216,28.267,102.107,19.421,94,0
34741,-0.305,-0.673,0.168,22.969,74.42,30.072,90,0
34795,-0.324,-0.777,0.208,16.237,24.595,-14.357,90,0
34848,-0.185,-1.116,-0.197,10.305,11.397,-26.809,88,0
34903,-0.233,-1.037,0.138,-6.257,27.092,-37.817,85,0
34957,-0.263,-1.13,0.184,-8.061,14.443,-40.817,84,0
35010,-0.302,-1.103,0.255,-13.939,5.654,-36.267,82,0
35063,-0.202,-1.23,0.19,-18.038,-31.171,-26.153,81,0
35118,-0.287,-1.428,0.198,-24.74,-10.953,-19.168,78,0
35174,-0.325,-1.271,0.168,-17.038,-31.046,-21.878,76,0
35227,-0.21,-0.734,0.158,-9.504,-51.397,48.93,73,0
35279,-0.274,-1.345,-0.226,-30.05,-61.023,30.099,70,0
35334,-0.121,-0.899,0.099,15.74,-71.237,53.031,91,0
35388,-0.12,-0.866,-0.033,8.771,-43.153,79.023,87,0
35442,-0.207,-0.837,0.178,8.237,-40.206,90.611,86,0
35493,-0.175,-0.773,-0.169,9.695,-51.496,90.534,0,36
35557,-0.178,-0.87,-0.015,14.455,-46.672,79.45,0,0
35607,-0.266,-1.133,-0.071,-2.357,-37.069,41.489,0,0
35653,0.128,-0.686,-0.032,22.083,-16.244,11.588,0,199
35715,-0.037,-0.853,0.124,-9.832,15.523,26.404,0,0
35761,-0.237,-1.158,0.102,-19.504,-0.952,-31.534,0,0
35808,-0.207,-1.294,0.046,-23.008,-10.593,-44.931,0,0
35848,-0.284,-1.456,0.172,-24.786,-10.1,-62.977,93,0
35902,-0.33,-1.504,0.198,-25.962,-23.206,-82.374,93,0
35949,-0.115,-1.298,0.083,-14.214,-18.13,-83.992,93,64
36003,-0.048,-0.629,0.165,9.311,30.939,-50.634,90,0
36052,-0.248,-0.824,0.259,-6.099,25.763,-11.222,95,59
36100,-0.095,-0.876,0.159,14.71,18.198,18.359,96,62
36154,0.023,-0.769,0.056,17.611,47.779,44.466,96,0
36214,-0.033,-0.718,0.219,24.672,91.962,37.611,0,0
36275,-0.173,-0.671,0.172,37.107,86.344,12.931,0,0
36336,-0.203,-0.859,0.126,24.122,44.595,-10.954,0,0
36397,-0.014,-0.838,0.272,7.626,20.832,-27.863,0,0
36457,-0.213,-1.079,0.119,-6.252,23.382,-41.321,0,0
36515,-0.233,-0.948,0.163,-14.237,20.771,-48.229,157,0
36577,-0.174,-1.218,0.344,-11.427,22.908,-57.298,156,0
36629,-0.302,-1.394,0.223,-20.183,37.084,-62.069,66,0
36683,-0.361,-1.45,0.208,-21.305,-6.578,-59.878,73,0
36741,-0.108,-0.745,0.132,16.277,-24.496,-18.695,151,0
36799,-0.328,-0.896,0.181,-7.496,-50.588,20.282,148,0
36856,-0.201,-0.863,0.016,8.985,-110.145,54.115,144,0
36914,-0.015,-0.879,-0.13,12.58,-60.786,78.153,143,0
36974,0.048,-0.747,-0.061,16.725,-29.45,80.672,0,0
37036,-0.231,-0.858,-0.025,17.458,-40.802,69.015,0,0
37086,0.122,-0.877,-0.101,12.298,-43.023,57.573,0,0
37146,-0.215,-0.92,-0.039,-1.517,-36.748,49.939,0,0
37250,-0.081,-0.988,-0.034,-6.374,1.832,31.107,0,0
37297,-0.215,-1.106,0.096,-17.855,-4.261,12.611,0,0
37344,-0.281,-1.241,0.141,-23.107,-23.008,-13.29,0,0
37391,-0.287,-1.325,0.194,-23.389,-43.137,-41.55,0,0
37438,-0.245,-1.565,0.126,-22.534,-52.55,-65.015,0,0
37484,-0.092,-1.291,0.333,-9.435,-21.145,-72.817,188,0
37544,-0.015,-0.697,0.156,19.221,12.466,-39.031,0,0
37595,-0.123,-0.854,0.144,3.173,29.527,11.169,0,0
37642,-0.107,-0.945,0.136,14.863,29.786,17.824,0,0
37689,-0.056,-0.873,0.072,21.122,50.885,25.679,0,0
37735,-0.159,-0.767,0.166,15.969,61.817,22.023,0,0
37782,-0.186,-0.76,0.183,16.374,41.924,10.535,0,0
37829,-0.171,-0.781,0.18,17.847,24.878,-11.176,0,0
37876,-0.105,-0.842,0.046,14.977,24.504,-27.511,0,0
37923,-0.063,-0.897,0.117,14.977,45.87,-36.641,0,0
37984,-0.243,-0.917,0.163,4.177,41.802,-46.74,0,0
38047,-0.198,-1.06,0.098,-4.05,21.122,-54.527,188,0
38108,-0.11,-1.07,0.124,-12.366,29.206,-46.779,187,0
38167,-0.207,-1.283,0.156,-19.763,38.42,-35.382,187,0
38223,-0.287,-1.575,0.152,-30.298,9.908,-36.977,107,0
38279,-0.157,-1.081,0.147,-21.122,10.01,-22.588,105,0
38334,-0.191,-0.737,0.154,-13.718,6.351,18.099,102,0
38389,-0.294,-0.924,0.089,-6.763,-41.863,29.992,99,0
38445,-0.106,-0.779,-0.032,14.29,-42.221,39.427,98,0
38505,-0.17,-0.778,-0.034,3.856,-32.519,51.412,0,0
38564,-0.227,-0.836,-0.158,-5.68,-56.084,58.58,0,0
38611,-0.126,-0.943,-0.113,4.367,-52.191,57.214,0,0
38672,-0.197,-1.056,-0.037,-1.727,-45.557,51.198,0,0
38719,-0.097,-1.071,-0.125,9.618,-40.214,39.13,0,0
38766,-0.23,-1.043,-0.021,-1.447,-31.52,30.855,0,0
38813,-0.207,-0.918,-0.014,-6.153,3.676,18.519,0,0
38860,-0.23,-0.952,0.065,-7.13,-25.076,5.277,0,0
38907,-0.107,-0.93,0.053,-2.563,-31.313,-4.342,0,0
38960,-0.214,-1.126,-0.014,-0.083,-25.36,-19.611,0,42
39014,-0.194,-1.31,-0.079,-0.487,-14.256,-36.786,0,63
39067,-0.181,-1.017,0.159,-0.136,13.16,-42.985,0,66
39129,-0.278,-0.89,0.227,-0.009,-13.293,-33.626,0,0
39176,-0.234,-1.058,0.16,13.748,-51.366,-29.282,0,0
39236,-0.075,-0.851,0.121,19.092,-42.893,-20.702,0,0
39284,-0.025,-0.834,0.304,10.832,6.092,41.725,0,0
39322,-0.095,-1.02,0.121,3.888,24.603,18.71,0,41
39374,-0.112,-1.024,0.13,-6.772,24.802,23.191,0,45
39427,-0.113,-0.829,0.175,4.689,20.71,23.779,0,54
39482,-0.061,-0.863,0.165,-11.679,18.809,11.794,0,52
39534,-0.207,-0.903,0.251,-20.122,3.284,-9.351,0,45
39586,-0.384,-1.089,0.154,-23.0,-26.669,-25.366,0,38
39640,-0.263,-1.166,0.109,-21.718,-6.842,-30.939,0,42
39692,-0.098,-0.781,0.188,-12.985,5.057,-10.176,0,50
39744,-0.134,-0.952,0.065,-13.214,1.267,-4.263,0,45
39796,-0.094,-1.328,-0.029,-9.298,10.947,-14.612,5,14
39891,-0.079,-0.933,0.105,-12.153,-2.749,6.272,0,48
39948,0.062,-0.83,-0.014,-11.008,11.517,2.746,0,53
40005,-0.105,-1.083,-0.098,-9.725,-21.62,-5.887,0,45
40057,-0.063,-0.921,0.105,-10.695,0.204,2.774,0,51
40109,-0.1,-1.178,-0.014,-7.45,-16.557,0.96,0,43
40160,-0.097,-1.193,-0.169,-7.305,-36.698,-3.88,0,41
40211,-0.172,-1.107,-0.02,-5.208,-20.36,-2.779,0,45
40262,-0.098,-0.797,-0.023,6.485,14.901,3.106,0,53
40314,-0.088,-0.837,-0.047,4.543,12.507,2.821,0,54
40366,-0.054,-1.058,-0.057,-6.32,9.244,0.351,0,45
40420,-0.139,-1.03,-0.0,-3.313,7.962,-0.977,0,47
40471,-0.224,-1.125,-0.041,-6.231,-10.582,-9.909,0,43
40522,-0.111,-1.078,-0.023,-0.828,-0.66,-5.0,0,44
40573,-0.292,-1.175,-0.151,-2.917,-2.355,-5.606,0,41
40625,-0.093,-0.949,-0.022,7.113,1.967,4.152,0,47
40677,-0.099,-0.905,-0.048,6.598,1.401,4.895,0,50
40728,-0.106,-0.973,-0.033,2.882,2.587,2.505,0,47
40779,-0.115,-1.017,-0.029,-1.616,-4.709,-0.587,0,45
40830,-0.114,-0.862,-0.025,1.897,3.536,2.374,0,51
40885,-0.081,-0.865,-0.026,0.795,3.95,1.436,0,49
40936,-0.128,-1.073,-0.018,-0.785,-0.749,0.213,0,43
40987,-0.096,-0.936,-0.046,1.066,8.003,3.15,0,47
41038,-0.122,-0.872,0.127,1.624,6.496,5.269,0,48
41091,-0.132,-1.043,-0.028,-0.023,-1.544,-0.239,0,44
41142,-0.099,-1.066,-0.034,0.163,-0.142,-0.817,0,44
41193,-0.095,-0.972,0.026,1.083,7.176,2.05,0,47
41244,-0.123,-1.001,-0.021,0.739,0.88,-1.678,0,45
41305,-0.066,-0.94,-0.023,2.145,6.32,2.747,0,0
41365,-0.273,-1.145,-0.135,-1.0,-3.425,-1.783,0,0
41427,-0.047,-0.912,0.079,2.983,-0.536,1.627,0,0
41488,-0.1,-0.982,-0.037,-0.018,-0.686,1.664,0,0
41539,-0.111,-0.957,-0.018,0.124,0.875,1.245,0,49
41591,-0.115,-1.021,-0.022,-1.061,1.861,0.813,0,49
41644,-0.125,-0.996,-0.009,-0.136,0.082,1.156,0,50
41695,-0.171,-1.04,-0.021,0.457,0.96,1.135,0,48
41747,-0.155,-1.034,-0.037,-0.627,-0.317,0.376,0,49
41798,-0.093,-0.96,0.004,-0.367,5.361,2.846,0,53
41850,-0.135,-1.008,-0.024,-0.219,-0.016,0.075,0,51
41914,0.134,-0.736,0.161,2.909,8.805,6.576,0,0
41973,-0.057,-0.928,-0.02,0.818,2.23,2.638,0,0
42034,-0.277,-1.155,-0.028,-1.144,-0.921,-1.446,0,0
42094,-0.231,-1.114,-0.031,-1.534,-2.903,-1.335,0,0
42155,-0.083,-0.962,-0.036,-0.212,1.249,0.291,0,0
42215,-0.221,-1.102,-0.037,-1.228,-1.735,-1.759,0,0
42275,-0.191,-1.059,-0.076,-1.004,-2.78,-0.718,0,0
42336,-0.251,-1.127,-0.031,-1.294,-4.558,-2.564,0,0
42396,0.088,-0.79,-0.039,2.473,4.155,2.55,0,0
42460,-0.219,-1.091,-0.02,-1.273,-5.459,-0.602,0,0
42520,-0.108,-1.029,-0.037,0.088,-2.434,0.284,0,0
42580,-0.238,-1.12,-0.024,-1.191,-5.995,-1.02,0,0
42684,-0.114,-0.935,-0.042,1.983,3.57,1.85,0,0
42744,-0.063,-0.949,-0.033,0.916,1.274,0.925,0,0
42805,-0.043,-0.903,-0.021,0.995,2.202,0.818,0,0
42865,-0.263,-1.139,-0.036,-1.085,-6.207,-1.257,0,0
42926,-0.102,-1.027,-0.044,0.312,-3.106,0.366,0,0
42986,-0.168,-1.024,-0.014,-0.544,2.736,0.948,0,0
43049,-0.099,-0.988,-0.039,0.474,0.007,-1.032,0,0
43110,-0.19,-1.083,-0.033,-0.947,-5.783,-1.214,0,0
43170,-0.075,-0.961,-0.016,0.541,-2.362,0.391,0,0
43231,-0.108,-1.035,-0.035,0.829,-1.578,0.252,0,0
43292,-0.113,-1.157,-0.034,-1.623,-5.691,-2.721,0,0
43353,-0.127,-0.971,0.006,-0.119,-0.362,-0.007,0,0
43405,-0.115,-0.999,-0.019,0.067,-1.929,0.634,0,51
43456,-0.079,-1.003,-0.065,1.554,0.474,1.497,0,51
43508,-0.164,-1.187,-0.009,-3.761,-3.932,-2.61,0,42
43564,-0.108,-0.979,-0.05,0.241,-3.045,-0.672,0,52
43616,-0.19,-1.095,-0.014,-2.209,-6.54,-0.578,0,48
43668,-0.107,-1.182,-0.024,-1.727,-12.099,-1.916,0,43
43720,-0.099,-1.104,-0.037,-1.352,-4.86,-0.583,0,47
43772,-0.122,-0.997,-0.016,0.197,3.126,-0.139,0,51
43824,-0.207,-1.091,-0.038,-0.423,-4.809,-1.184,0,47
43876,-0.161,-1.033,-0.045,-0.72,-3.652,0.149,0,49
43928,-0.104,-0.872,-0.032,1.866,1.646,2.494,0,55
43980,-0.112,-0.933,-0.04,0.768,0.171,1.832,0,53
44036,-0.111,-0.884,-0.034,1.112,1.864,1.795,0,54
44088,-0.108,-0.911,-0.043,1.071,0.692,1.281,0,53
44140,0.043,-0.843,-0.036,0.867,3.652,1.794,0,56
44192,-0.109,-0.965,-0.046,0.816,0.282,0.597,0,52
44244,-0.3,-1.161,-0.015,-2.98,-4.095,-1.271,0,44
44296,-0.113,-0.88,-0.024,1.621,0.575,1.947,0,54
44348,-0.131,-1.028,-0.036,-0.858,-4.422,0.271,0,50
44400,-0.112,-1.019,-0.023,0.184,-1.11,0.88,0,49
44452,-0.105,-1.075,-0.035,-0.562,-3.533,-0.328,0,47
44505,-0.039,-0.935,-0.022,0.142,0.738,0.969,0,53
44555,-0.115,-0.936,-0.029,1.024,0.552,1.322,0,53
44607,-0.104,-1.074,-0.041,-0.565,-5.314,-0.729,0,48
44659,-0.1,-1.099,-0.026,-1.083,-0.32,0.078,0,46
44711,-0.057,-0.939,-0.029,1.104,3.308,0.866,0,53
44764,0.106,-0.78,-0.031,1.695,4.944,2.8,0,58
44816,-0.238,-1.121,-0.026,-1.36,-3.814,-1.15,0,46
44868,-0.113,-1.001,-0.029,-0.23,-2.864,0.962,0,50
44920,-0.069,-0.952,-0.038,0.925,0.636,1.552,0,52
44973,-0.104,-0.996,-0.035,-0.129,-1.455,0.489,0,50
45028,-0.076,-0.966,-0.027,0.437,0.141,0.962,0,52
45080,-0.11,-1.042,-0.04,-0.871,-3.879,-0.242,0,49
45132,-0.115,-1.001,-0.03,0.177,1.207,1.089,0,50
45185,-0.042,-0.929,-0.034,0.928,-0.128,0.732,0,53
45237,-0.11,-0.913,-0.037,0.463,0.948,1.275,0,53
45289,-0.111,-0.801,-0.031,2.266,4.844,3.085,0,57
45341,-0.115,-0.841,-0.025,1.921,1.476,2.912,0,56
45436,-0.155,-1.031,-0.029,-1.745,0.9,-0.989,0,48
45490,-0.111,-0.924,-0.042,0.482,1.426,0.056,0,53
45545,-0.112,-0.997,-0.027,-0.537,-1.205,-1.017,0,49
45597,-0.11,-0.897,-0.031,1.574,2.887,1.218,0,53
45649,-0.051,-0.94,-0.037,0.783,0.283,0.296,0,53
45703,-0.142,-1.02,-0.033,-0.597,-0.457,-0.154,0,50
45755,-0.113,-0.903,-0.04,1.101,0.588,1.656,0,53
45807,-0.111,-1.03,-0.032,-1.198,-4.011,0.11,0,48
45859,-0.1,-1.024,-0.044,-0.737,-0.993,-0.003,0,49
45912,-0.107,-0.99,-0.032,-0.472,-1.59,-0.18,0,49
45964,-0.105,-1.072,-0.035,-1.893,-7.04,-0.317,0,47
46020,-0.094,-1.052,-0.05,-0.682,-0.083,0.012,0,49
46072,-0.103,-1.011,-0.039,-0.149,1.37,0.248,0,51
46125,-0.005,-0.89,-0.032,0.891,2.766,0.851,0,56
46186,-0.113,-0.97,-0.039,0.198,-2.754,0.331,0,0
46247,-0.107,-0.868,-0.037,0.971,2.483,3.32,0,0
46308,-0.087,-0.994,-0.046,0.622,2.056,1.758,0,0
46369,-0.106,-0.89,-0.045,2.231,5.58,1.066,0,0
46430,-0.115,-1.096,-0.041,-0.842,-2.493,-1.414,0,0
46491,-0.11,-1.016,-0.035,-0.261,-1.707,0.312,0,0
46556,-0.103,-0.956,-0.034,1.28,0.292,1.911,0,0
46616,-0.103,-0.939,-0.056,0.818,1.671,0.869,0,0
46678,-0.259,-1.132,-0.02,-1.855,-0.777,-1.762,0,0
46739,-0.108,-0.949,-0.033,1.634,-0.408,1.977,0,0
46799,-0.102,-1.126,-0.052,-1.665,-4.88,-1.047,0,0
46861,-0.116,-1.069,-0.023,-1.331,-0.378,-1.215,0,0
46922,-0.097,-1.057,-0.051,-0.117,-4.467,0.019,0,0
46983,-0.103,-1.033,-0.037,-0.949,-0.996,0.384,0,0
47044,-0.106,-0.938,-0.047,-0.032,-0.084,0.275,0,0
47113,-0.174,-1.057,-0.033,-1.039,-1.115,-0.117,0,0
47173,-0.091,-0.981,-0.045,0.165,-2.505,0.369,0,0
47234,-0.109,-1.119,-0.041,-1.432,-4.651,-1.694,0,0
47293,-0.104,-1.175,-0.039,-2.074,-8.843,-1.982,0,0
47353,-0.089,-1.015,-0.06,0.331,-1.798,0.447,0,0
47405,-0.14,-1.2,-0.031,-2.609,-10.313,-1.649,0,48
47457,-0.085,-1.03,-0.051,-0.746,-3.307,-0.097,0,50
47508,-0.098,-0.958,-0.052,0.087,-0.151,0.928,0,54
47559,-0.104,-0.981,-0.036,-0.262,-0.495,0.036,0,45
47614,-0.105,-0.835,-0.051,1.951,3.752,3.105,0,52
47666,-0.111,-0.856,-0.034,1.468,0.497,2.651,0,47
47717,-0.101,-1.037,-0.043,-0.241,-1.8,0.508,0,50
47768,-0.107,-1.147,-0.042,-0.857,-4.105,-1.42,0,44
47819,-0.101,-0.799,-0.039,1.833,2.599,2.176,0,51
47872,-0.099,-1.067,-0.054,0.098,-2.307,0.021,0,47
47923,-0.103,-1.09,-0.044,-1.095,-6.107,-0.962,0,45
47974,-0.086,-1.14,-0.048,-2.05,-4.391,-0.757,0,41
48025,-0.102,-0.988,-0.052,1.526,0.296,1.024,0,46
48079,-0.103,-1.109,-0.042,-1.809,-4.591,-1.505,0,42
48132,-0.094,-0.854,-0.039,2.199,4.2,3.589,0,50
48183,-0.109,-1.13,-0.038,-1.22,-6.376,-1.21,0,41
48277,-0.103,-0.914,-0.041,1.041,2.113,2.118,0,48
48328,-0.108,-1.052,-0.033,-0.37,-3.903,-0.134,0,44
48379,-0.1,-0.856,-0.043,2.084,1.951,3.311,0,50
48432,-0.099,-1.091,-0.054,-1.124,-5.752,-0.84,0,42
48483,-0.098,-0.878,-0.056,2.382,4.482,3.352,0,49
48534,-0.11,-1.13,-0.035,-1.241,-5.968,-1.607,0,41
48588,-0.105,-0.973,-0.044,0.796,-1.706,1.524,0,46
48640,-0.094,-0.935,-0.053,1.082,-0.43,2.044,0,48
48692,-0.102,-0.973,-0.043,0.76,1.056,1.722,0,52
48752,-0.099,-0.877,-0.053,1.712,2.695,2.765,0,0
48813,-0.109,-0.873,-0.048,1.531,-0.003,2.978,0,0
48873,-0.106,-0.963,-0.045,0.04,-0.521,0.869,0,0
48933,-0.102,-1.173,-0.043,-1.878,-3.873,-1.892,0,0
48994,-0.112,-0.942,-0.06,0.914,0.256,1.322,0,0
49053,-0.112,-1.152,-0.039,-2.245,-3.315,-1.093,0,0
49117,-0.116,-1.041,-0.053,0.672,-4.442,0.003,0,0
49177,-0.102,-0.986,-0.053,-0.599,-3.912,1.437,0,0
49238,-0.093,-0.925,-0.055,0.794,3.567,2.701,0,0
49298,-0.116,-0.895,-0.026,1.852,1.55,2.908,0,0
49358,-0.107,-1.082,-0.062,-0.51,-2.52,0.072,0,0
49419,-0.107,-0.892,-0.042,1.571,3.411,2.271,0,0
49471,-0.109,-0.935,-0.04,0.488,-0.043,0.82,0,53
49522,-0.102,-0.861,-0.044,2.664,6.624,3.436,0,58
49574,-0.123,-1.039,-0.044,0.018,-2.488,-0.412,0,48
49627,-0.091,-1.07,-0.051,-0.054,0.787,-0.302,0,47
49681,-0.125,-1.003,-0.045,0.328,-0.178,1.319,0,50
49733,-0.111,-0.858,-0.042,1.413,1.65,3.052,0,55
49785,-0.114,-0.928,-0.034,1.084,0.04,2.08,0,53
49837,-0.096,-1.108,-0.06,-0.857,-1.717,-0.9,0,47
49889,0.051,-0.839,-0.036,2.732,2.998,3.685,0,56
49941,-0.102,-0.945,-0.052,1.446,0.05,1.379,0,52
49992,-0.11,-0.851,-0.031,1.458,3.369,2.676,0,55
50044,-0.109,-1.079,-0.052,-0.471,-4.086,-0.438,0,47
50097,0.024,-0.862,-0.042,1.213,4.305,2.124,0,55
50151,-0.292,-1.17,-0.041,-1.371,-7.973,-1.847,0,44
50203,-0.114,-0.959,-0.042,0.365,-1.659,1.78,0,52
50255,-0.102,-0.85,-0.035,2.1,3.14,3.621,0,55
50308,-0.109,-0.8,-0.056,2.374,3.921,3.492,0,57
50359,-0.11,-0.91,-0.038,0.604,0.745,1.619,0,53
50411,-0.099,-1.172,-0.048,-1.35,-4.942,-1.181,0,44
50463,-0.115,-1.044,-0.037,-0.356,-0.522,0.501,0,49
50515,-0.114,-1.156,-0.037,-1.516,-5.353,-1.954,0,45
50568,-0.111,-0.968,-0.038,0.734,0.834,1.343,0,51
50622,-0.085,-0.984,-0.049,0.565,-1.032,0.891,0,51
50674,-0.113,-0.916,-0.033,1.674,-0.566,2.144,0,53
50726,-0.111,-1.009,-0.045,0.811,-0.203,1.055,0,50
50779,-0.057,-0.946,-0.033,1.481,0.575,1.959,0,53
50831,-0.11,-1.025,-0.05,0.494,1.171,0.469,0,49
50882,-0.218,-1.1,-0.048,-0.825,-3.242,-0.871,0,47
50934,-0.027,-0.915,-0.034,1.08,1.758,2.645,0,53
51030,-0.11,-0.925,-0.036,0.329,-1.039,1.684,0,53
51082,-0.105,-1.229,-0.046,-1.783,-3.208,-2.345,0,43
51137,-0.023,-0.91,-0.041,1.188,2.163,1.966,0,54
51189,-0.14,-1.021,-0.042,0.643,0.933,0.378,0,49
51241,-0.183,-1.053,-0.042,-0.385,-4.256,-0.386,0,48
51294,-0.102,-1.177,-0.05,-2.092,-3.715,-1.483,0,44
51346,-0.142,-1.023,-0.032,1.192,-2.562,0.882,0,50
51398,-0.113,-1.145,-0.043,-1.735,-4.209,-1.933,0,44
51450,-0.02,-0.895,-0.038,1.981,1.632,2.627,0,56
51503,-0.23,-1.117,-0.047,-1.743,-7.083,-1.331,0,46
51563,-0.105,-0.993,-0.045,0.995,1.111,1.52,0,0
51627,-0.115,-0.791,-0.046,2.953,4.557,3.557,0,0
51688,-0.134,-1.047,-0.037,-0.281,-0.621,0.075,0,0
51748,-0.142,-1.118,-0.027,-1.446,-4.561,-1.252,0,0
51809,-0.096,-0.973,-0.048,1.093,-0.863,1.984,0,0
51870,-0.107,-0.855,-0.029,2.412,3.531,3.764,0,0
51931,-0.133,-1.02,-0.034,-0.053,1.076,-0.068,0,0
51991,-0.115,-1.139,-0.036,-0.702,-3.922,-1.315,0,0
52052,-0.147,-1.037,-0.035,-0.508,-3.849,0.27,0,0
52113,-0.114,-0.868,-0.038,2.512,3.961,3.244,0,0
52177,-0.02,-0.911,-0.043,2.148,1.292,1.837,0,0
52238,-0.009,-0.894,-0.037,2.195,2.033,2.579,0,0
52298,-0.175,-1.051,-0.039,-0.453,-1.3,-0.755,0,0
52360,-0.218,-1.089,-0.029,-0.885,-2.753,-0.092,0,0
52420,-0.051,-0.934,-0.031,0.935,0.619,1.782,0,0
52482,-0.24,-1.109,-0.026,-0.61,-3.333,-1.015,0,0
52542,0.018,-0.865,-0.027,1.257,1.569,2.284,0,0
52602,-0.055,-0.942,-0.032,0.543,-1.158,1.714,0,0
52664,-0.087,-0.976,-0.044,0.612,-1.013,0.239,0,0
52724,-0.077,-0.943,-0.031,0.113,1.799,0.987,0,0
52789,-0.023,-0.9,-0.03,1.152,1.69,1.206,0,0
52849,-0.126,-0.993,-0.025,0.024,-3.393,0.423,0,0
52911,0.038,-0.851,-0.037,1.38,2.949,2.769,0,0
52971,-0.115,-1.204,-0.036,-1.208,-5.667,-2.093,0,0
53032,-0.138,-0.996,-0.019,0.25,-0.146,0.494,0,0
53093,-0.098,-0.981,-0.033,0.363,-1.601,0.398,0,0
53154,0.078,-0.808,-0.039,1.387,2.141,2.763,0,0
53215,-0.135,-1.017,-0.034,-0.433,-1.591,0.314,0,0
53276,-0.173,-1.057,-0.041,-0.493,-1.716,-0.241,0,0
53341,-0.296,-1.195,-0.046,-1.262,-2.902,-1.986,0,0
53401,-0.235,-1.086,-0.019,-1.131,-2.391,-1.364,0,0
53463,-0.114,-1.036,-0.034,-0.024,-2.916,0.353,0,0
53523,-0.112,-0.907,-0.039,1.597,0.463,2.202,0,0
53584,0.018,-0.851,-0.023,1.013,4.374,2.105,0,0
53646,-0.21,-1.097,-0.04,-0.643,-3.147,-0.684,0,0
53706,-0.115,-1.015,-0.039,-0.19,-2.368,0.541,0,0
53768,0.109,-0.778,-0.035,2.113,7.886,3.126,0,0
53828,-0.115,-1.029,-0.041,-0.53,-1.491,-0.327,0,0
53893,-0.019,-0.915,-0.043,1.721,4.032,1.53,0,0
53954,-0.163,-1.034,-0.04,-0.812,-1.895,-0.175,0,0
54059,-0.175,-1.057,-0.032,-0.619,-1.127,0.294,0,0
54119,-0.126,-1.006,-0.033,0.229,2.115,0.562,0,0
54180,-0.159,-1.033,-0.034,-0.288,-2.447,-0.102,0,0
54241,-0.256,-1.152,-0.044,-1.973,-5.862,-1.064,0,0
54302,-0.049,-0.926,-0.032,0.226,1.019,0.823,0,0
54364,-0.111,-0.883,-0.054,2.022,5.059,0.984,0,0
54429,-0.198,-1.071,-0.031,-0.477,-4.175,-0.265,0,0
54490,-0.005,-0.874,-0.026,1.081,2.799,1.034,0,0
54552,-0.111,-0.971,-0.039,-0.074,-1.793,0.157,0,0
54612,-0.084,-0.972,-0.036,0.423,-1.572,0.834,0,0
54673,-0.024,-0.897,-0.026,0.969,4.08,1.432,0,0
54732,-0.109,-1.004,-0.054,0.594,-1.711,0.237,0,0
54793,0.027,-0.858,-0.043,0.978,0.702,1.215,0,0
54853,-0.1,-0.773,-0.049,2.313,3.942,2.032,0,0
54913,-0.114,-1.109,-0.051,-1.384,-2.269,-1.362,0,0
54973,-0.222,-1.11,-0.044,-0.731,-1.138,-0.906,0,0
55033,-0.085,-0.96,-0.033,0.122,-1.043,0.125,0,0
55096,-0.108,-0.99,-0.046,0.011,-1.4,0.981,0,0
55156,-0.11,-0.985,-0.042,-0.048,-2.671,0.191,0,0
55217,-0.242,-1.127,-0.039,-1.313,-3.048,-0.961,0,0
55277,-0.116,-1.076,-0.037,-0.78,-2.591,-0.283,0,0
55336,-0.115,-1.007,-0.043,-0.123,-2.081,-0.162,0,0
55397,-0.161,-1.048,-0.034,-0.841,-1.928,-0.388,0,0
55457,-0.107,-1.236,-0.052,-2.236,-5.277,-1.788,5,5
55518,-0.126,-1.017,-0.044,0.163,0.593,-0.341,0,0
55577,-0.064,-0.946,-0.024,0.21,-0.846,0.536,0,0
55641,-0.105,-1.0,-0.052,0.507,-0.764,1.317,0,0
55693,-0.112,-1.007,-0.036,-0.439,-2.193,0.201,0,52
55744,-0.115,-1.291,-0.034,-2.91,-6.289,-3.211,5,16
55796,-0.112,-0.885,-0.052,1.106,1.29,0.838,0,57
55847,-0.111,-1.086,-0.043,-1.466,-3.222,-0.63,0,47
55900,-0.095,-1.127,-0.057,-1.292,-3.919,-0.842,0,46
55951,-0.106,-0.855,-0.041,1.233,3.071,1.287,0,56
56003,-0.103,-0.867,-0.054,1.754,1.062,1.675,0,55
56054,-0.115,-1.193,-0.044,-2.971,-5.008,-2.183,0,43
56110,-0.185,-1.076,-0.046,-0.433,-5.543,-0.965,0,47
56161,-0.104,-1.07,-0.054,-1.397,-4.877,-0.011,0,48
56213,-0.104,-1.196,-0.05,-1.97,-6.933,-1.342,0,44
56264,-0.107,-1.0,-0.043,-0.298,0.098,0.008,0,51
56316,-0.116,-0.877,-0.029,0.946,1.303,1.344,0,54
56369,-0.112,-1.103,-0.057,-1.514,-5.419,-1.065,0,47
56420,-0.106,-0.997,-0.045,-0.241,-0.189,0.149,0,50
56472,-0.101,-1.071,-0.055,-0.482,-3.088,-0.568,0,48
56524,-0.115,-1.09,-0.049,-1.281,-3.584,-0.905,0,48
56579,-0.11,-0.977,-0.045,0.303,0.592,0.379,0,51
56631,-0.116,-0.912,-0.049,0.305,-0.594,0.619,0,53
56682,-0.107,-1.046,-0.045,-0.744,-1.752,0.126,0,49
56734,-0.104,-0.88,-0.055,1.659,0.485,2.184,0,56
56786,-0.101,-0.935,-0.053,0.506,1.437,0.978,0,53
56838,-0.106,-0.89,-0.053,1.738,1.216,1.324,0,56
56933,-0.102,-0.935,-0.046,0.855,0.083,0.446,0,54
56985,-0.112,-1.178,-0.043,-2.93,-4.375,-1.321,0,44
57037,-0.098,-1.141,-0.055,-1.799,-5.584,-1.127,0,46
57092,-0.115,-1.081,-0.045,-1.328,-2.181,-0.808,0,48
57153,-0.112,-1.064,-0.043,-0.575,-4.974,-1.241,0,0
57213,-0.099,-0.985,-0.051,0.167,-2.152,1.034,0,0
57274,-0.09,-0.949,-0.055,0.242,0.895,0.952,0,0
57334,-0.104,-1.072,-0.049,-0.352,-2.432,-1.267,0,0
57395,-0.108,-0.848,-0.056,1.265,0.821,1.631,0,0
57455,-0.101,-1.069,-0.053,-1.093,-4.334,-0.611,0,0
57516,-0.089,-0.901,-0.065,0.991,2.978,0.999,0,0
57576,-0.11,-1.168,-0.052,-1.624,-5.687,-1.169,0,0
57639,-0.086,-0.913,-0.057,0.143,0.514,0.433,0,0
57700,-0.107,-0.963,-0.057,0.282,-0.558,0.572,0,0
57760,-0.091,-1.124,-0.063,-1.179,-4.852,-0.985,0,0
57821,-0.108,-0.888,-0.055,0.688,2.816,0.83,0,0
57873,-0.104,-1.026,-0.049,-0.847,-4.09,-0.452,0,45
57925,-0.086,-1.031,-0.065,-0.483,-2.413,-0.04,0,45
57976,-0.106,-1.026,-0.048,-1.029,-3.424,-0.645,0,45
58029,-0.115,-1.214,-0.058,-5.758,-23.699,-2.522,0,39
58081,-0.155,-1.068,-0.015,-2.886,-13.664,-2.806,0,45
58144,-0.178,-1.215,-0.112,8.008,-21.183,-4.965,0,39
58199,-0.185,-1.107,-0.039,17.275,-33.588,8.522,0,44
58253,-0.247,-1.064,0.119,31.366,-51.992,23.763,0,49
58307,-0.252,-0.925,0.102,42.473,-97.481,22.626,0,50
58359,-0.14,-0.865,0.11,48.985,-95.412,19.786,166,52
58412,-0.07,-0.982,0.111,55.473,-80.725,14.672,163,43
58464,-0.047,-1.12,0.135,51.687,-42.641,13.038,164,38
58516,-0.082,-0.815,0.205,47.496,-23.458,19.371,165,46
58567,-0.078,-0.782,0.245,34.298,-16.267,13.871,159,46
58621,-0.214,-1.067,0.275,31.496,-20.13,-5.699,158,37
58673,-0.078,-0.872,0.282,25.45,-26.695,3.565,157,41
58725,-0.08,-0.907,0.301,21.267,-18.389,4.914,158,44
58776,-0.095,-0.898,0.358,19.427,6.889,5.091,158,43
58827,-0.092,-0.906,0.383,15.092,-5.824,2.348,157,41
58878,-0.079,-0.867,0.422,13.672,-9.173,-4.712,157,35
58930,-0.115,-0.867,0.446,10.069,-3.625,-0.3,157,39
58982,-0.11,-0.873,0.442,2.347,-13.143,-5.135,158,38
59036,-0.113,-0.903,0.456,10.328,-11.608,0.341,158,38
59087,-0.085,-0.865,0.439,11.969,-19.476,0.372,157,36
59132,-0.175,-0.862,0.492,12.588,-15.445,4.323,47,36
59184,-0.067,-0.865,0.451,10.168,-28.456,-4.811,158,32
59236,-0.084,-0.856,0.496,8.366,-0.906,2.406,157,38
59281,-0.103,-0.858,0.515,8.573,-11.994,0.932,44,36
59325,-0.058,-0.848,0.467,7.557,-8.984,-1.343,38,34
59377,-0.085,-0.862,0.492,6.695,7.724,8.008,157,42
59428,-0.207,-0.84,0.533,0.099,-5.484,0.241,157,35
59476,-0.076,-0.843,0.512,-0.602,-9.706,-0.974,42,35
59522,-0.097,-0.839,0.521,-2.096,-7.726,-0.38,35,34
59566,-0.076,-0.841,0.505,1.544,-6.314,-0.365,42,37
