Timestamp(ms),AccelX(g),AccelY(g),AccelZ(g),GyroX(deg/s),GyroY(deg/s),GyroZ(deg/s),DistanceLeft(cm),DistanceRight(cm)
16304,-0.241,-0.014,1.031,-0.901,0.597,-0.232,53,0
16359,-0.344,-0.085,0.909,-0.58,-1.649,-0.511,58,0
16414,-0.018,0.014,1.031,-1.198,1.742,-0.679,54,0
16468,-0.057,0.015,1.019,-0.336,1.974,1.74,48,0
16523,-0.378,0.007,0.872,1.519,-2.069,0.458,44,0
16577,-0.187,0.017,1.067,2.107,1.565,0.603,51,0
16631,-0.24,0.016,1.03,1.328,-1.427,0.496,47,0
16686,-0.045,0.082,1.018,-0.122,2.952,1.427,48,0
16744,-0.181,0.009,1.056,1.191,1.068,0.496,57,0
16799,-0.238,0.201,1.019,2.313,3.738,-0.003,63,0
16854,-0.276,-0.026,1.024,0.559,-2.336,-0.863,57,0
16909,-0.211,-0.058,1.012,-0.634,-0.367,-0.015,59,0
16964,-0.184,0.01,1.026,0.973,1.672,0.496,58,0
17019,-0.241,0.016,0.965,1.885,-3.797,-1.092,57,0
17075,-0.182,0.071,1.015,1.254,-0.369,0.187,68,0
17130,-0.219,0.03,1.018,-0.267,1.041,0.349,58,0
17184,-0.181,0.011,1.015,1.13,2.001,0.409,57,0
17243,-0.06,0.192,1.035,1.298,-2.672,1.195,61,0
17298,-0.209,0.167,1.166,-0.489,2.067,1.056,57,0
17353,-0.25,0.015,1.012,-0.611,0.903,0.145,57,0
17408,-0.246,0.017,1.018,1.511,1.138,0.104,57,0
17463,-0.088,0.161,1.168,1.832,0.56,1.108,54,0
17517,0.054,0.336,1.338,-0.115,4.326,2.501,53,0
17572,-0.102,0.014,1.016,-0.29,1.541,0.519,53,0
17627,-0.238,0.014,1.03,1.725,3.176,-0.514,51,0
17682,-0.251,0.017,1.034,0.842,-3.443,-0.511,51,0
17737,-0.201,0.036,1.017,-0.779,-0.619,-0.908,56,0
17795,-0.215,0.01,1.019,0.183,2.962,0.489,57,0
17850,-0.253,0.009,1.042,2.321,-0.157,-0.125,50,0
17904,-0.208,0.127,1.019,2.073,-2.397,0.847,56,0
17959,-0.219,0.015,1.034,-0.771,3.382,0.489,55,0
18015,-0.25,0.006,0.988,0.267,1.213,0.113,58,0
18070,-0.238,-0.047,0.969,2.122,-1.315,-0.924,56,0
18125,-0.158,0.014,1.016,1.206,0.602,-1.313,58,0
18180,-0.454,-0.199,0.802,-1.5,-1.51,-0.568,57,0
18235,-0.238,-0.033,0.967,-0.076,-1.395,-0.129,57,0
18293,-0.42,-0.108,0.834,0.076,-2.369,-0.977,58,0
18349,-0.167,0.007,1.084,-0.893,0.096,0.256,51,0
18403,-0.219,0.012,1.017,-0.206,0.231,0.405,58,0
18459,-0.246,0.004,1.012,1.351,2.962,0.847,69,0
18514,-0.251,0.015,0.928,2.519,-2.718,-0.565,69,0
18571,-0.213,0.089,1.193,1.397,4.36,-0.931,69,0
18627,-0.221,0.017,0.922,-0.053,2.336,-0.902,69,0
18682,-0.24,0.009,1.019,1.359,2.809,0.519,69,0
18739,-0.25,0.272,1.269,1.855,4.354,3.029,69,0
18797,-0.148,0.107,1.112,0.336,1.056,-0.634,69,0
18853,-0.373,-0.121,1.019,-0.015,-2.192,-1.651,69,0
18909,-0.245,0.01,1.033,3.174,3.228,2.058,69,0
18964,-0.282,0.016,1.001,1.443,-2.45,-0.695,51,0
19019,-0.267,-0.037,1.02,0.031,-1.403,-0.786,58,0
19118,-0.26,0.014,1.009,1.939,1.939,-0.074,68,0
19174,-0.245,0.017,1.038,2.244,-0.327,0.225,69,0
19229,-0.212,0.087,1.042,0.313,0.33,-0.102,69,0
19284,-0.239,0.011,0.999,-0.511,3.053,0.878,51,0
19341,-0.253,-0.022,1.033,1.702,0.664,-0.084,69,0
19399,-0.237,-0.068,0.947,-0.355,-3.863,-0.689,69,0
19456,-0.214,-0.013,1.013,-0.473,2.504,0.066,69,0
19511,-0.258,0.005,1.011,0.107,2.076,-3.539,23,5
19566,-0.222,0.254,1.011,2.55,-2.046,2.073,54,0
19621,-0.25,-0.058,1.049,0.811,-1.103,-0.779,51,0
19677,-0.478,-0.221,1.008,-1.481,-7.496,-2.371,58,0
19733,-0.242,0.011,1.018,-0.008,3.954,2.625,69,0
19788,-0.249,0.016,1.033,0.14,-1.595,-1.389,69,0
19845,0.173,0.017,1.017,0.13,-1.649,-0.458,68,0
19904,-0.113,0.017,1.138,-0.473,3.702,0.557,68,0
19959,-0.262,0.009,1.019,0.747,0.924,-0.07,69,0
20016,-0.401,0.016,1.01,1.878,-2.998,-0.672,70,0
20071,-0.242,0.015,1.014,2.427,2.168,-0.649,57,0
20127,-0.255,0.292,1.297,5.988,2.078,2.895,70,0
20183,-0.255,0.221,1.034,-0.252,-4.427,2.055,69,0
20239,-0.22,0.013,1.008,-1.092,0.266,-0.535,69,0
20295,-0.263,0.006,1.123,-0.328,2.122,0.47,69,0
20352,-0.238,0.013,1.048,2.328,-1.01,-0.695,69,0
20408,-0.246,0.015,1.036,2.611,-2.263,-0.375,69,0
20466,-0.282,-0.01,1.032,0.838,-0.794,-1.122,69,0
20523,0.062,0.119,1.019,-0.969,-0.279,0.519,69,0
20579,-0.218,0.01,1.005,0.092,4.275,1.641,69,0
20635,-0.268,0.005,1.037,1.359,0.537,0.534,69,0
20690,-0.267,0.011,0.986,2.076,-3.076,-0.534,58,0
20746,-0.218,0.038,1.008,1.069,2.435,0.615,69,0
20802,-0.268,0.015,1.144,1.351,1.679,1.123,70,0
20857,-0.239,0.017,1.115,1.036,-3.168,0.662,59,0
20914,-0.287,-0.141,0.865,-0.45,-4.589,-1.91,69,0
20973,-0.242,0.016,1.017,0.321,1.107,0.129,69,0
21029,-0.253,0.187,1.196,1.595,1.894,-0.786,69,0
21086,-0.126,0.136,1.129,0.985,-1.573,-0.504,69,0
21141,-0.341,-0.082,0.92,0.183,-0.864,-0.821,58,0
21197,-0.24,0.017,1.016,1.996,2.68,0.998,68,0
21254,-0.24,-0.037,0.974,1.74,-0.954,-0.505,69,0
21309,-0.245,0.075,1.03,1.852,-0.366,0.57,69,0
21364,-0.134,0.117,1.019,2.217,2.968,1.079,51,0
21421,-0.256,-0.035,0.966,1.366,-0.316,-0.26,69,0
21476,-0.243,0.332,1.332,1.534,4.048,2.79,58,0
21535,-0.561,-0.296,0.706,-4.775,-5.849,-0.427,23,5
21592,-0.2,0.058,1.017,0.305,1.173,0.359,69,0
21648,-0.242,0.089,1.091,1.153,2.442,0.791,69,0
21704,-0.246,0.057,1.03,1.239,-2.076,-0.014,69,0
21760,-0.26,-0.008,1.013,0.344,-1.526,-0.687,51,0
21816,-0.084,0.173,1.019,2.284,4.114,0.527,69,0
21872,-0.253,0.048,1.03,1.015,-0.12,0.105,69,0
21970,-0.14,0.116,1.016,0.996,2.151,0.226,69,0
22027,-0.256,-0.002,1.015,0.43,1.939,0.87,69,0
22086,-0.256,0.066,1.073,1.924,1.274,0.305,69,0
22142,-0.244,0.006,1.006,1.13,-1.405,-0.007,69,0
22199,-0.239,0.055,1.057,0.191,1.617,0.457,69,0
22255,-0.257,0.029,1.028,0.871,0.051,0.16,69,0
22311,-0.247,0.088,1.09,1.405,0.289,-0.519,69,0
22368,-0.238,0.032,1.007,0.66,-1.847,-0.306,69,0
22424,-0.002,0.364,1.019,-0.389,1.725,3.217,69,0
22480,-0.242,-0.252,1.012,1.122,-4.97,0.412,69,0
22537,-0.238,-0.218,0.779,1.511,-4.291,-2.527,69,0
22593,-0.238,0.002,1.0,0.244,-1.878,-0.521,69,0
22652,-0.222,0.291,1.292,0.008,1.664,2.588,69,0
22709,-0.259,-0.018,1.03,1.458,-0.975,-0.525,59,0
22765,-0.069,0.182,1.015,1.313,-2.137,1.089,68,0
22821,-0.074,0.173,1.175,-0.092,2.701,1.147,69,0
22878,-0.323,-0.072,1.015,-1.069,2.382,-0.519,69,0
22934,-0.255,-0.077,0.925,1.809,-2.502,-0.783,69,0
22990,-0.191,0.033,1.066,1.031,-1.763,0.127,69,0
23046,-0.549,-0.287,0.715,-0.023,-4.449,-2.578,51,0
23102,-0.288,-0.025,1.018,-0.315,-0.214,0.427,69,0
23161,-0.244,-0.239,0.758,1.718,-2.459,-2.28,69,0
23218,-0.06,0.199,1.03,2.086,0.83,-0.542,69,0
23274,-0.221,-0.121,0.87,-0.26,-0.605,-1.439,69,0
23330,-0.251,-0.183,1.01,0.303,1.794,-1.85,69,0
23393,-0.247,-0.105,0.895,1.893,-3.115,-0.557,69,0
23449,-0.221,0.032,1.019,0.401,-0.609,-0.435,69,0
23504,-0.267,-0.019,1.03,-0.42,1.066,0.527,69,0
23560,-0.253,0.017,0.972,1.542,0.455,-0.735,69,0
23615,-0.245,-0.027,1.034,1.771,-2.008,-0.466,69,0
23673,-0.215,-0.025,1.011,-0.214,-0.828,-0.662,69,0
23730,-0.24,0.036,1.008,-0.763,3.122,0.557,69,0
23785,-0.263,0.016,1.018,1.924,0.566,-0.803,69,0
23840,-0.244,-0.085,1.031,0.606,-2.756,-0.992,69,0
23896,-0.231,0.022,1.02,-1.031,-1.411,-0.458,69,0
23952,-0.35,0.013,1.011,-0.359,2.076,-0.372,69,0
24006,-0.258,0.24,1.031,1.275,5.028,-0.786,49,0
24061,-0.485,-0.225,0.771,-1.267,-2.634,-0.718,69,0
24118,-0.187,0.06,1.062,-0.489,1.996,0.211,69,0
24173,-0.238,0.015,1.009,0.084,2.519,1.061,69,0
24231,-0.25,0.016,1.055,1.618,1.372,-0.027,69,0
24287,-0.239,0.002,1.031,0.992,-1.646,-0.402,69,0
24343,-0.221,0.03,1.009,0.16,2.191,0.19,69,0
24398,-0.261,0.017,0.832,-1.959,-3.337,-1.74,69,0
24454,-0.249,-0.018,1.031,1.55,-1.786,-0.832,69,0
24510,-0.123,0.131,1.017,0.191,-1.649,-0.802,69,0
24565,-0.217,0.118,1.012,-0.489,1.931,1.439,69,0
24621,-0.261,0.017,1.018,1.466,2.359,-0.317,51,0
24675,-0.244,0.07,1.17,1.748,-3.344,1.186,50,0
24732,-0.222,0.024,1.016,0.212,-0.444,-0.62,51,0
24830,-0.251,0.004,1.011,1.176,2.542,0.718,69,0
24887,-0.26,0.039,1.03,2.153,-1.954,1.832,69,0
24942,-0.359,0.033,0.876,0.198,-2.638,-1.682,61,0
24997,-0.24,0.099,1.017,-0.443,2.364,0.527,69,0
25053,-0.249,0.014,0.997,0.545,1.198,-0.161,61,0
25109,-0.257,0.259,1.187,1.878,-3.779,-0.748,69,0
25164,-0.218,0.111,1.013,0.351,-1.656,-0.908,69,0
25221,-0.212,0.197,1.008,-0.336,3.817,0.695,69,0
25276,-0.272,0.015,1.039,0.641,-0.936,-0.42,69,0
25334,-0.253,-0.266,1.015,1.298,-1.916,-0.656,69,0
25391,-0.242,0.098,1.036,-0.229,1.204,0.817,69,0
25446,-0.148,0.137,1.006,2.336,1.992,0.603,69,0
25502,-0.27,0.179,1.036,1.74,3.463,1.467,69,0
25558,-0.333,-0.077,1.007,1.618,-2.824,-0.527,58,0
25613,-0.038,0.208,1.017,-0.076,2.198,0.641,57,0
25668,-0.25,0.076,1.019,0.359,2.455,0.58,69,0
25723,-0.252,-0.075,0.925,1.031,-2.595,-1.12,69,0
25780,-0.124,0.134,1.136,0.321,-1.718,-0.527,69,0
25837,-0.174,0.072,1.013,1.283,1.977,0.763,51,0
25892,-0.265,0.016,1.033,1.473,1.8,-0.051,51,0
25947,-0.241,0.033,1.106,1.58,-2.977,-0.672,49,0
26002,-0.293,-0.033,0.964,-0.282,-1.907,-0.323,51,0
26056,-0.46,-0.201,0.796,-0.45,-5.402,0.824,51,0
26113,-0.26,0.012,1.019,1.344,2.374,-0.354,69,0
26167,-0.241,-0.38,0.626,1.565,-3.389,-0.519,23,5
26222,-0.303,0.035,1.019,-0.046,-0.586,-0.703,50,0
26278,-0.243,0.016,1.026,-0.275,1.386,0.573,69,0
26333,-0.253,-0.037,1.017,1.672,0.105,-0.461,51,0
26392,-0.25,0.045,1.03,1.148,-2.595,-0.13,69,0
26447,-0.101,0.145,1.012,-0.053,0.805,1.438,69,0
26504,-0.25,0.015,1.016,0.145,2.985,0.748,69,0
26559,-0.263,0.013,1.035,1.359,-0.579,-0.534,57,0
26614,-0.214,0.053,1.047,1.009,-2.802,-0.695,58,0
26670,-0.258,-0.066,1.019,-0.458,-0.944,-1.118,58,0
26724,-0.242,0.016,1.011,0.198,1.863,0.466,51,0
26780,-0.255,0.078,1.062,2.015,-1.626,0.178,69,0
26836,-0.223,0.084,1.042,0.344,0.266,0.449,69,0
26894,-0.192,0.14,1.035,0.099,2.994,1.358,51,0
26949,-0.24,0.014,1.01,1.099,2.176,0.58,58,0
27005,-0.247,0.244,1.039,1.137,-1.977,2.012,69,0
27062,-0.195,0.061,1.012,0.183,0.368,-0.435,69,0
27116,-0.133,0.11,1.053,-0.038,3.299,0.397,51,0
27181,-0.246,-0.048,0.975,1.519,2.046,-0.626,58,0
27236,-0.249,0.039,1.032,1.176,-1.064,-0.534,58,0
27291,0.021,0.276,1.272,0.298,-1.45,-0.112,69,0
27346,-0.221,-0.041,1.006,1.031,2.061,0.733,69,0
27405,-0.262,0.161,1.038,1.282,1.146,0.274,69,0
27460,-0.048,0.202,1.203,3.148,-3.908,-0.443,69,0
27515,-0.316,-0.059,1.014,-0.084,0.967,-0.335,51,0
27571,-0.247,0.122,1.012,1.678,2.282,1.414,69,0
27668,-0.29,-0.029,0.962,1.153,-2.916,-0.947,51,0
27722,-0.217,0.042,1.013,-0.275,0.904,0.08,51,0
27778,-0.246,0.04,1.012,-0.176,1.128,0.512,51,0
27832,-0.24,0.017,0.984,1.779,-0.326,-0.317,50,0
27887,-0.24,0.056,1.03,1.046,-1.954,0.303,58,0
27941,-0.22,0.047,1.017,-0.656,2.229,0.641,50,0
27999,-0.25,0.015,1.011,0.221,3.176,1.168,49,0
28053,-0.261,0.016,0.966,2.107,-1.349,-1.011,51,0
28108,-0.241,-0.027,1.03,0.082,-3.794,-0.466,69,0
28164,-0.217,0.092,1.016,-0.718,1.542,0.504,58,0
28218,-0.268,0.01,1.015,-1.413,1.832,-0.278,50,0
28273,-0.258,0.11,1.162,1.74,-2.641,-1.122,51,0
28327,-0.218,-0.036,0.863,0.64,-2.267,-1.015,51,0
28382,-0.242,0.024,1.009,-0.794,2.435,0.427,51,0
28437,-0.264,0.01,1.094,0.529,2.538,0.707,48,0
28495,-0.347,0.013,0.989,2.023,-2.0,-0.713,69,0
28550,-0.097,0.072,1.037,-0.176,0.544,0.021,52,0
28605,-0.218,0.049,1.002,0.282,2.588,1.351,58,0
28660,-0.261,0.016,1.011,2.168,4.87,0.412,69,0
28717,-0.257,0.037,1.037,1.893,-3.588,-0.687,69,0
28772,-0.182,0.037,1.025,-0.603,0.202,0.008,69,0
28828,-0.164,0.016,1.013,-0.282,2.038,0.756,69,0
28883,-0.263,0.144,1.034,1.244,2.389,1.339,69,0
28939,-0.249,0.017,1.026,1.313,-5.718,-1.076,69,0
28995,-0.212,-0.065,1.018,-0.976,-0.299,-0.908,69,0
29053,-0.248,-0.002,0.995,0.244,0.711,0.557,58,0
29109,-0.238,0.039,1.036,1.634,0.477,0.267,69,0
29164,-0.236,0.026,1.03,0.534,1.174,-0.075,69,0
29219,-0.277,-0.019,1.019,-0.45,-1.072,0.733,58,0
29276,-0.247,0.014,1.013,-0.237,4.107,0.603,69,0
29331,-0.264,0.016,0.84,1.573,-2.206,-0.817,69,0
29387,-0.256,0.033,1.018,-0.003,-1.795,-0.824,69,0
29443,-0.238,-0.057,0.935,-0.573,-1.093,0.029,69,0
29499,-0.247,0.013,1.013,1.152,2.023,0.179,69,0
29557,-0.249,-0.011,1.041,1.092,-1.519,-0.641,69,0
29613,-0.191,0.148,1.148,-0.733,2.002,0.915,69,0
29669,-0.242,-0.171,1.01,0.106,1.893,0.489,69,0
29724,-0.272,0.015,0.869,1.519,2.863,-1.527,69,0
29780,-0.242,0.261,1.265,1.366,-4.58,1.916,69,0
29836,-0.135,0.277,1.015,-0.252,2.603,2.359,69,0
29891,-0.252,-0.221,0.802,-0.519,-5.168,-3.01,51,0
29946,-0.253,-0.143,1.017,-1.067,-3.433,-0.618,51,0
30001,-0.032,0.22,1.015,0.344,2.625,-0.626,50,0
30056,-0.251,0.014,1.033,-0.176,-1.109,-0.641,57,0
30114,-0.219,-0.2,0.998,1.198,-1.809,-1.177,68,0
30170,-0.266,0.017,1.042,1.069,1.408,0.089,51,0
30225,-0.344,-0.091,1.011,-1.082,-2.87,0.075,51,0
30280,-0.553,-0.282,1.014,0.183,4.076,1.092,69,0
30337,-0.263,0.015,1.012,1.053,1.399,0.338,69,0
30392,-0.258,0.079,1.077,1.885,-2.0,0.435,69,0
30490,-0.243,0.021,1.019,-0.443,0.772,0.504,51,0
30544,-0.263,0.016,1.014,0.328,1.089,-0.58,51,0
30601,-0.249,-0.085,1.019,2.069,-3.427,-1.298,68,0
30659,-0.165,0.085,1.017,0.137,-0.502,-0.863,58,0
30714,-0.239,-0.086,0.912,-0.076,-0.736,-0.301,52,0
30770,-0.244,-0.239,1.01,0.489,-2.163,-1.597,58,0
30825,-0.251,-0.006,0.998,2.122,-1.84,-0.23,69,0
30881,-0.146,0.034,1.1,1.115,2.982,0.702,69,0
30938,-0.255,-0.0,1.004,-0.359,1.992,1.053,69,0
30993,-0.256,0.011,1.016,0.214,-0.162,-0.629,69,0
31049,-0.256,-0.048,0.955,1.26,-2.908,-0.42,69,0
31106,0.174,0.406,1.018,7.162,-1.893,3.849,69,0
31161,-0.249,-0.257,0.749,-4.206,-5.92,-3.014,62,0
31220,-0.266,0.247,1.244,1.626,-1.84,-0.977,69,0
31276,-0.137,0.159,1.153,3.182,-2.405,-0.695,68,0
31332,-0.213,0.077,1.082,-0.023,2.124,1.105,69,0
31388,-0.206,0.014,1.007,2.069,2.573,0.847,69,0
31443,-0.271,0.036,1.034,1.718,1.475,0.71,69,0
31500,-0.232,-0.057,1.008,-0.168,-0.583,0.45,68,0
31555,-0.243,0.261,1.236,0.061,3.282,0.466,58,0
31611,-0.258,0.015,1.015,1.473,-0.495,-0.443,69,0
31667,-0.242,0.129,1.033,1.351,-0.264,-0.489,58,0
31726,-0.238,0.034,1.032,-0.603,-0.178,-0.356,69,0
31781,-0.43,-0.165,1.007,-0.275,-1.737,0.542,69,0
31838,-0.25,-0.043,1.018,1.275,-0.816,-0.785,58,0
31893,-0.251,-0.027,1.012,1.542,-2.504,-0.496,69,0
31949,-0.253,0.032,1.009,0.323,0.397,-0.298,69,0
32005,-0.261,0.01,1.033,-0.702,1.618,0.626,58,0
32061,-0.269,-0.062,0.942,1.069,-2.031,-0.869,69,0
32117,-0.238,0.229,1.23,1.336,-3.031,1.745,69,0
32174,-0.146,0.105,1.018,-0.252,-0.107,0.517,69,0
32232,-0.065,0.192,1.189,-0.244,1.62,0.481,69,0
32288,-0.254,0.115,1.126,1.58,0.499,0.502,69,0
32345,-0.276,-0.017,0.978,0.549,-1.847,-0.469,69,0
32401,-0.035,0.227,1.224,-0.603,3.513,1.092,69,0
32457,-0.242,0.015,1.019,0.015,2.382,1.702,69,0
32513,-0.253,0.237,1.247,1.908,3.327,1.458,57,0
32567,-0.618,-0.345,0.656,1.031,-7.337,1.084,23,5
32622,-0.359,-0.092,1.019,-0.389,-0.57,1.298,44,0
32676,-0.25,-0.031,0.973,0.26,-0.793,-0.617,45,0
32732,-0.317,-0.053,1.015,-0.09,-2.236,-1.218,43,0
32789,-0.238,0.048,1.047,-0.321,-1.072,-0.103,44,0
32844,-0.568,-0.351,1.008,-0.611,-6.264,0.588,23,5
32900,-0.24,0.016,1.012,0.298,1.898,1.467,51,0
32955,-0.238,0.342,1.03,3.9,-2.099,4.454,52,0
33010,-0.21,0.202,1.204,0.107,3.155,1.229,56,0
33065,-0.242,0.015,0.823,0.168,-2.223,1.267,56,0
33122,-0.241,0.017,1.013,1.672,-3.487,0.832,58,0
33177,-0.209,0.032,1.031,1.908,0.983,0.565,58,0
33232,-0.24,0.032,1.295,0.336,-1.779,2.749,57,0
33335,-0.153,0.108,1.03,1.389,0.317,0.968,56,0
33390,-0.294,-0.035,0.964,-0.352,-2.038,-0.42,57,0
33445,-0.22,0.017,0.714,-6.063,-5.915,-0.473,56,0
33501,-0.374,-0.129,0.877,2.023,-1.568,-0.656,56,0
33557,-0.24,-0.173,0.83,2.71,-3.205,-0.427,56,0
33612,-0.221,-0.017,0.976,1.275,-1.84,-0.977,55,0
33668,-0.219,-0.085,0.92,-1.75,1.763,-1.436,56,0
33724,-0.475,-0.218,1.016,1.16,-4.755,0.817,58,0
33779,-0.238,0.143,1.036,1.606,0.849,0.496,61,0
33835,-0.299,-0.054,1.012,0.13,-2.336,0.595,58,0
33894,-0.219,0.001,1.012,1.45,-1.022,0.188,58,0
33949,-0.243,0.017,1.03,3.206,0.978,-1.038,58,0
34006,-0.24,0.039,1.043,3.038,-2.695,-2.939,58,0
34061,-0.196,0.039,1.036,2.138,-1.58,-1.634,57,0
34116,-0.21,0.116,1.012,-0.038,3.794,0.824,57,0
34172,-0.242,-0.084,0.95,-0.68,3.786,1.557,57,0
34228,-0.261,-0.012,0.989,1.641,-2.349,0.595,58,0
34284,-0.22,0.04,1.187,1.153,4.639,0.678,58,0
34339,-0.345,0.035,0.904,-1.484,-0.364,-0.907,58,0
34404,-0.447,0.038,1.031,1.786,-2.429,-2.342,58,0
34459,-0.371,0.039,0.805,1.122,-1.522,-0.779,57,0
34513,-0.309,0.032,0.79,0.115,-1.73,-2.477,57,0
34569,-0.221,0.032,1.014,1.053,4.092,0.626,57,0
34623,-0.257,0.04,1.04,-0.593,-1.626,-1.206,57,0
34678,-0.209,0.035,1.014,1.992,0.152,0.639,57,0
34734,-0.238,0.06,1.063,-0.115,2.519,0.247,57,0
34788,-0.276,-0.032,1.016,1.26,-2.299,-0.563,57,0
34843,-0.288,0.042,0.96,1.733,-1.481,-0.864,57,0
34898,-0.055,0.038,1.198,0.313,2.047,1.792,57,0
34956,-0.286,0.036,0.973,-0.672,-0.367,0.626,57,0
35011,-0.1,0.036,1.152,1.071,3.224,1.248,57,0
35065,-0.565,0.034,0.686,1.611,-6.455,-3.169,23,5
35121,-0.377,0.033,1.032,0.295,-1.362,-1.309,57,0
35175,-0.484,0.034,1.031,-0.122,-2.539,0.695,57,0
35230,-0.239,0.033,0.841,-0.5,-2.876,-1.663,57,0
35286,-0.432,0.044,0.816,-1.122,-4.064,-1.758,57,0
35340,-0.383,0.038,0.865,0.122,-2.481,-1.113,57,0
35395,-0.262,0.021,1.019,-0.115,1.527,-0.395,57,0
35452,-0.235,0.031,1.021,1.58,-0.123,-0.014,57,0
35508,-0.024,0.036,1.157,3.18,2.869,1.578,57,0
35563,-0.151,0.041,1.05,-0.763,0.89,0.466,57,0
35618,-0.31,-0.056,1.014,-0.466,1.832,-0.522,58,0
35673,-0.255,-0.154,1.04,-1.317,-2.103,-0.427,57,0
35728,-0.263,0.034,1.017,0.339,-1.641,-0.458,57,0
35783,-0.399,0.042,1.016,-0.145,-1.605,-1.623,57,0
35838,-0.241,0.124,1.082,0.023,1.029,0.786,57,0
35893,-0.174,0.035,1.072,1.099,0.37,0.329,57,0
35951,-0.22,0.037,1.026,0.519,0.036,0.421,57,0
36006,-0.115,0.032,1.019,0.084,2.068,0.466,57,0
36061,-0.241,0.179,1.019,1.485,1.626,1.544,58,0
36159,-0.151,0.033,1.101,0.582,-2.733,0.399,58,0
36214,-0.243,0.038,1.031,-0.939,0.32,-0.03,58,0
36270,-0.334,-0.09,1.016,-0.74,1.809,-0.684,57,0
36325,-0.24,0.033,1.034,1.181,1.26,1.007,57,0
36379,-0.211,0.068,1.057,1.241,-0.242,0.254,57,0
36434,-0.232,0.032,1.027,0.244,1.472,0.458,57,0
36490,-0.245,-0.047,1.013,-0.148,-1.658,-0.573,57,0
36548,-0.233,0.035,1.017,1.366,0.02,-0.199,57,0
36602,-0.228,0.034,1.017,0.49,0.078,-0.111,57,0
36658,-0.244,-0.058,1.035,0.046,-0.902,0.443,57,0
36713,-0.181,0.088,1.007,1.008,-0.227,0.374,57,0
36768,-0.292,0.034,1.019,0.354,-2.185,-0.672,57,0
36824,-0.213,-0.105,0.975,-0.175,-2.34,-0.916,57,0
36878,-0.245,0.089,1.063,-0.023,2.267,0.519,57,0
36933,-0.378,-0.107,1.016,1.573,-2.864,-1.243,57,0
36988,-0.385,-0.118,0.875,0.738,-2.953,-1.142,57,0
37047,-0.222,0.013,1.013,-0.305,-0.015,-0.059,57,0
37102,-0.245,-0.107,1.01,-0.8,-0.744,-0.969,57,0
37157,-0.204,0.057,1.058,1.847,-0.509,-0.427,57,0
37212,-0.113,0.032,1.138,2.166,0.96,0.897,57,0
37267,-0.219,0.139,1.135,-0.092,2.805,0.496,57,0
37322,-0.246,-0.021,1.019,0.056,1.824,-0.106,57,0
37378,-0.113,0.148,1.148,1.504,-2.206,1.345,57,0
37433,-0.213,0.089,1.085,1.516,1.908,0.542,57,0
37488,-0.245,-0.127,0.878,-0.015,-2.063,0.779,57,0
37543,-0.029,0.226,1.017,3.271,1.738,2.295,58,0
37602,-0.26,0.038,0.992,1.237,-0.72,-0.587,57,0
37657,-0.361,0.032,0.897,-1.374,-2.991,-1.009,57,0
37712,-0.162,0.093,1.089,-0.015,2.038,0.75,57,0
37768,-0.294,-0.041,1.019,1.328,0.497,-0.042,57,0
37822,-0.24,0.156,1.031,1.641,0.231,0.407,57,0
37877,-0.245,0.006,1.018,0.217,-0.414,0.036,57,0
37933,-0.246,0.033,1.031,-1.153,1.695,-1.092,57,0
37989,-0.219,0.032,1.195,-2.069,-3.214,-0.149,57,0
38044,-0.201,-0.024,1.008,-2.435,0.404,1.412,57,0
38102,-0.249,0.147,1.017,1.573,2.595,1.87,57,0
38157,-0.255,0.061,1.072,3.115,-2.366,-0.725,57,0
38213,-0.209,0.149,1.012,3.328,2.011,0.137,57,0
38268,-0.235,0.037,1.033,1.244,2.756,-0.078,57,0
38324,-0.247,0.004,0.994,0.298,-0.833,0.088,57,0
38379,-0.245,0.032,1.007,0.502,0.859,0.023,57,0
38434,-0.24,0.118,1.106,1.71,0.499,0.539,58,0
38490,-0.117,0.033,1.091,0.038,2.491,0.855,57,0
38545,-0.219,0.036,1.019,0.184,-1.331,-0.038,57,0
38600,-0.241,0.014,1.023,1.519,2.527,0.42,57,0
38659,-0.243,0.034,1.037,1.588,-2.406,-0.496,57,0
38714,-0.164,0.041,1.028,-0.191,-2.321,0.259,57,0
38769,-0.215,0.042,1.006,-0.656,2.061,0.504,57,0
38824,-0.246,0.044,1.027,1.642,2.249,0.799,57,0
38880,-0.243,0.035,1.018,1.298,-1.489,-0.405,57,0
38978,-0.217,0.04,1.039,-0.229,-0.252,0.238,57,0
39033,-0.217,0.038,1.035,-0.084,0.076,0.679,57,0
39090,-0.372,0.033,0.882,0.321,-3.126,0.412,57,0
39145,-0.222,0.032,1.018,-0.084,1.777,0.973,57,0
39203,-0.309,-0.056,1.015,-0.584,-2.712,-0.377,57,0
39259,-0.526,-0.267,0.734,1.183,-3.546,-2.334,57,0
39314,-0.115,0.147,1.15,2.235,-2.458,0.979,57,0
39369,-0.206,0.053,1.01,0.206,0.515,0.016,57,0
39425,-0.219,0.319,1.324,1.023,4.015,2.482,57,0
39481,-0.255,-0.142,1.033,2.092,-1.992,-1.809,57,0
39536,-0.213,-0.012,1.014,0.673,-2.448,-0.542,57,0
39591,-0.416,-0.156,0.846,-0.542,-1.959,-1.779,57,0
39647,-0.225,0.028,1.014,0.313,0.381,0.406,57,0
39702,-0.213,0.029,1.022,2.534,-0.093,-0.733,57,0
39761,-0.245,0.025,1.063,1.458,-1.969,-1.718,57,0
39817,-0.214,0.097,1.016,-0.351,2.651,1.047,57,0
39872,-0.247,-0.115,1.032,-1.047,-2.176,-2.087,57,0
39927,-0.24,0.037,1.048,1.665,-12.221,-0.809,57,0
39984,-0.178,0.049,1.013,-0.229,2.183,-2.105,57,0
40039,-0.198,-0.034,1.036,-0.527,-2.694,-1.13,57,0
40094,-0.24,0.113,1.043,1.099,-8.702,-0.809,57,0
40150,-0.177,-0.05,1.005,1.641,-4.904,0.145,57,0
40205,-0.219,0.031,1.046,-0.366,6.336,1.221,57,0
40264,-0.218,-0.007,1.066,-0.183,2.656,0.177,57,0
40320,-0.214,0.052,0.999,3.45,2.466,-1.427,57,0
40375,-0.29,0.015,1.006,1.244,1.573,-0.721,57,0
40431,-0.299,0.044,1.031,0.663,0.814,1.0,57,0
40486,-0.176,0.132,0.984,3.046,7.221,-2.26,57,0
40542,-0.253,0.086,1.039,1.252,0.86,0.203,57,0
40597,-0.219,-0.112,0.977,0.107,-3.679,-0.413,57,0
40653,-0.202,0.099,1.016,0.107,2.209,0.178,57,0
40709,-0.241,0.013,0.921,0.299,-1.87,-1.059,57,0
40767,-0.218,0.043,1.03,0.961,-2.763,-0.542,57,0
40823,-0.245,0.028,1.052,-2.122,-2.84,0.189,57,0
40879,-0.19,-0.016,1.035,1.527,-14.527,-1.977,57,0
40935,-0.368,0.007,1.058,-0.58,-6.313,0.832,57,0
40990,-0.184,-0.009,1.012,1.992,-5.71,0.42,56,0
41046,-0.16,0.032,1.004,0.198,2.595,0.519,56,0
41102,-0.221,-0.126,1.053,-1.16,8.313,1.588,57,0
41157,-0.218,0.036,1.14,-0.046,4.548,1.76,57,0
41212,-0.191,0.014,1.037,-1.473,5.13,-0.504,57,0
41269,-0.296,-0.132,1.033,-0.695,-5.625,-2.285,57,0
41327,-0.166,0.017,1.007,1.463,1.634,0.874,57,0
41382,-0.271,0.025,1.052,0.206,8.298,1.939,57,0
41439,-0.221,0.01,1.164,1.206,7.786,2.053,57,0
41494,-0.259,-0.046,1.054,2.038,-9.863,-0.871,57,0
41555,-0.17,0.107,0.997,1.557,-5.198,0.797,57,0
41611,-0.386,-0.201,1.046,-3.404,2.023,-1.124,57,0
41665,-0.217,0.156,1.038,3.165,-1.595,0.502,57,0
41720,-0.201,-0.059,0.996,0.992,-1.8,-0.314,57,0
41819,-0.153,0.005,0.996,1.786,-6.046,-3.137,56,0
41876,-0.255,0.011,1.072,2.967,12.496,2.947,57,0
41931,-0.191,0.04,1.01,3.374,-6.267,-0.45,57,0
41986,-0.187,0.042,1.018,0.789,3.282,0.718,57,0
42041,-0.287,-0.001,1.059,-0.115,2.939,-0.164,57,0
42095,-0.641,-0.113,1.038,-1.74,-3.824,-4.581,23,5
42150,-0.18,0.003,1.015,0.714,2.748,0.588,57,0
42206,-0.217,0.068,1.006,-0.084,2.534,-1.847,57,0
42260,-0.217,-0.032,1.007,3.649,-2.634,-1.756,57,0
42315,-0.211,0.009,1.024,1.427,-0.42,0.702,57,0
42371,-0.217,0.101,1.068,1.588,2.458,0.656,57,0
42428,-0.213,-0.021,0.994,0.2,0.355,-0.502,57,0
42483,-0.216,-0.17,1.042,-2.185,-2.679,-1.708,57,0
42537,-0.2,0.056,1.019,1.338,1.388,0.601,57,0
42593,-0.238,0.05,1.049,-0.756,-0.559,-0.679,57,0
42648,-0.16,0.014,1.1,0.351,-6.26,-1.947,57,0
42702,-0.222,0.042,1.031,1.008,4.763,1.496,57,0
42758,-0.214,0.075,1.015,2.672,3.198,0.443,57,0
42813,-0.206,-0.095,0.902,1.076,1.954,-0.868,57,0
42867,-0.321,-0.051,1.04,-0.901,-2.748,-1.71,57,0
42926,-0.201,-0.107,1.05,-0.137,-5.191,-4.061,57,0
42981,-0.184,-0.033,1.012,1.695,-1.43,-0.771,57,0
43035,-0.03,0.049,1.218,5.022,6.565,1.45,57,0
43090,-0.002,-0.035,1.054,2.687,-4.534,0.603,57,0
43146,-0.205,0.007,1.031,2.71,-2.26,-0.603,57,0
43201,-0.204,-0.024,0.879,1.153,-2.458,0.435,57,0
43255,-0.203,-0.087,0.858,-0.061,1.565,0.565,57,0
43311,-0.216,-0.025,0.973,0.144,-2.261,-0.478,57,0
43366,-0.196,-0.024,1.017,0.554,-1.254,-0.248,57,0
43421,-0.213,0.042,1.034,1.038,1.335,0.246,57,0
43479,-0.212,0.042,1.033,-0.305,3.855,-0.489,57,0
43534,-0.324,-0.068,0.965,3.031,-4.435,-0.793,57,0
43589,-0.199,0.011,1.018,1.611,2.996,0.996,57,0
43644,-0.206,0.207,1.046,1.802,3.786,1.758,57,0
43699,-0.24,0.014,1.07,1.069,2.06,0.95,57,0
43754,-0.214,0.059,1.046,-1.229,-1.824,3.052,57,0
43809,-0.187,0.069,1.001,-0.458,2.298,-0.656,57,0
43865,-0.209,0.032,1.012,-0.374,2.122,0.473,57,0
43920,-0.221,-0.003,1.029,0.65,-0.632,1.046,57,0
43977,-0.204,0.033,1.033,1.374,2.0,0.519,57,0
44033,-0.209,-0.087,1.031,-1.153,-1.54,0.603,57,0
44088,-0.215,0.033,0.972,0.092,-1.726,-0.23,57,0
44143,-0.205,0.07,1.07,1.323,-0.493,0.326,57,0
44198,-0.2,-0.087,1.03,-0.704,2.45,-0.922,57,0
44254,-0.306,-0.052,1.041,-0.454,-0.628,-0.499,57,0
44308,-0.219,0.233,1.032,-0.29,3.372,1.692,57,0
44363,-0.205,0.035,1.014,1.344,-4.738,-2.07,57,0
44419,-0.197,0.056,1.045,1.42,1.687,-0.489,57,0
44477,-0.211,0.033,1.018,1.916,3.573,0.467,57,0
44532,-0.256,0.016,1.059,-0.9,-3.55,-1.104,57,0
44631,-0.219,-0.036,1.053,1.069,1.718,-1.13,57,0
44686,-0.24,0.036,1.045,0.031,3.183,-1.588,23,5
44741,-0.239,-0.233,1.045,-1.389,-1.45,1.214,57,0
44796,-0.208,0.025,1.011,0.48,0.343,1.779,57,0
44852,-0.316,0.009,1.015,0.406,3.939,0.763,57,0
44906,-0.205,0.033,0.96,0.025,-2.519,0.033,57,0
44961,-0.455,-0.195,1.038,0.069,2.0,0.405,57,0
45017,-0.206,0.027,1.027,0.521,-0.545,-0.162,57,0
45075,-0.189,0.061,1.034,0.771,2.718,0.408,57,0
45130,-0.243,0.031,1.038,-0.183,-2.931,-0.214,57,0
45186,-0.187,0.012,1.149,0.267,-2.13,-0.211,57,0
45241,-0.197,0.015,1.043,0.693,-1.565,-1.733,57,0
45296,-0.21,-0.067,0.895,2.351,-2.788,-0.138,57,0
45351,-0.215,0.042,1.017,0.639,5.351,0.08,57,0
45407,-0.048,0.05,1.037,1.591,-3.214,-1.023,57,0
45462,-0.216,-0.044,1.053,1.137,-0.412,0.37,57,0
45517,-0.065,0.043,1.035,-1.031,5.656,0.733,57,0
45576,-0.222,0.048,1.03,-0.168,-0.536,-0.175,57,0
45631,-0.158,0.013,1.104,1.963,-1.939,0.519,57,0
45686,-0.201,0.015,0.993,2.804,-1.901,1.216,57,0
45742,-0.211,0.038,0.858,-1.301,1.679,0.435,57,0
45797,-0.162,0.125,1.04,1.364,0.951,1.262,57,0
45852,-0.211,0.017,0.957,1.183,-2.321,-0.926,57,0
45907,-0.217,-0.205,1.031,0.291,1.664,-1.967,57,0
45963,-0.25,0.016,1.045,-0.374,-1.595,-0.489,57,0
46018,-0.219,0.032,1.055,0.206,-6.046,1.01,57,0
46073,-0.186,0.055,0.994,1.847,-1.573,0.725,56,0
46132,-0.18,0.033,1.015,1.344,3.916,-0.695,57,0
46187,-0.17,0.084,1.031,2.654,5.176,0.42,57,0
46242,-0.207,0.052,1.047,-1.145,7.032,1.307,57,0
46299,-0.175,0.093,0.973,0.122,0.362,-0.939,57,0
46354,-0.242,0.036,1.033,-0.176,4.321,0.519,57,0
46409,-0.211,0.056,1.044,2.051,-3.985,-1.412,57,0
46465,-0.22,-0.023,1.014,2.176,-0.66,0.908,57,0
46520,-0.243,0.033,1.042,1.359,5.0,0.618,57,0
46575,-0.205,0.179,1.017,1.0,-1.771,1.291,57,0
46633,-0.224,0.036,1.04,0.061,-0.47,0.294,57,0
46689,-0.201,0.034,0.982,1.015,-0.271,-0.361,57,0
46745,-0.221,0.034,1.036,0.328,5.103,0.42,57,0
46800,-0.212,0.187,1.015,2.858,4.458,0.07,57,0
46856,-0.241,-0.117,1.042,0.046,-1.075,1.244,57,0
46911,-0.219,0.042,1.017,-0.196,-5.168,-0.079,57,0
46966,-0.175,-0.152,1.015,1.0,0.537,-1.13,57,0
47022,-0.459,-0.175,1.052,0.287,6.321,0.695,57,0
47078,-0.349,0.05,1.037,-1.473,-2.802,-0.954,57,0
47133,-0.181,0.055,0.982,0.229,-0.858,-1.036,57,0
47192,-0.329,0.036,1.036,0.023,4.366,-1.411,57,0
47247,-0.199,-0.017,1.039,3.359,-5.008,0.008,57,0
47302,-0.196,0.071,1.099,2.038,2.466,-1.13,57,0
47358,-0.221,0.077,1.035,1.498,2.038,0.435,57,0
47457,-0.222,-0.065,1.031,-0.441,-2.344,-1.476,57,0
47512,-0.215,0.034,0.894,-1.086,2.176,-0.921,57,0
47568,-0.288,-0.036,1.034,-0.395,-1.756,-0.303,57,0
47624,-0.287,-0.035,0.966,-0.794,-0.34,-1.051,57,0
47679,-0.207,-0.005,1.054,2.282,-8.099,-1.321,57,0
47737,-0.205,0.014,1.035,1.221,2.462,3.646,57,0
47794,-0.215,0.046,1.058,1.374,4.794,-1.038,57,0
47849,-0.35,-0.089,0.988,1.695,-1.805,-0.901,57,0
47904,-0.195,0.035,1.018,-0.019,2.511,-0.199,57,0
47961,-0.211,0.059,1.001,-0.252,2.992,1.866,57,0
48016,-0.271,0.032,1.023,0.038,-2.008,-0.348,57,0
48071,-0.245,-0.001,1.06,3.715,-4.191,1.809,57,0
48128,-0.186,0.073,1.035,2.122,5.679,0.62,57,0
48183,-0.248,0.003,1.045,-3.223,-2.224,0.466,57,0
48238,-0.209,0.003,1.01,1.038,-3.427,-0.401,57,0
48297,-0.21,0.035,1.23,1.26,2.924,1.761,57,0
48353,-0.044,0.273,1.035,0.26,-1.733,1.391,57,0
48408,-0.197,0.055,1.015,1.008,-1.748,0.03,57,0
48464,-0.217,0.036,1.045,0.008,1.794,-0.725,57,0
48520,-0.197,0.011,0.953,1.649,-7.053,-1.977,57,0
48575,-0.224,0.106,1.032,1.014,2.028,0.504,57,0
48631,-0.173,0.049,1.003,2.786,3.466,-0.718,57,0
48687,-0.243,0.064,1.049,-0.611,3.328,-0.656,57,0
48748,-0.211,0.042,1.038,-1.031,-3.557,1.832,57,0
48805,-0.205,0.01,1.025,-0.435,2.87,0.427,57,0
48861,-0.212,0.041,1.018,0.501,0.134,0.641,57,0
48915,-0.218,0.092,1.008,1.202,4.611,0.748,57,0
48970,-0.261,0.037,0.986,1.618,-3.198,-0.504,57,0
49026,-0.193,0.036,1.01,0.328,3.939,1.802,57,0
49080,-0.25,-0.077,1.057,-0.818,-3.495,-0.664,57,0
49135,-0.202,0.293,1.013,4.0,-1.702,2.229,57,0
49189,-0.253,0.032,1.03,0.088,2.786,0.035,57,0
49245,-0.21,0.027,1.024,1.061,0.293,-0.309,57,0
49299,-0.392,0.032,0.889,-1.526,3.679,-0.725,57,0
49357,-0.36,0.014,1.048,1.237,-7.641,-1.519,57,0
49413,-0.206,0.039,1.051,0.221,-2.87,0.737,57,0
49467,-0.2,0.002,1.017,2.122,4.275,-0.738,57,0
49522,-0.238,0.033,1.056,-0.534,5.282,1.271,57,0
49576,-0.245,0.037,1.01,-0.244,-2.863,0.133,57,0
49632,-0.198,-0.004,1.034,0.015,5.435,0.511,57,0
49687,-0.091,0.04,1.126,-0.55,0.214,0.504,57,0
49741,-0.201,0.035,0.921,1.603,-2.626,-1.0,57,0
49797,-0.285,0.032,1.042,0.16,-1.504,-0.237,57,0
49855,-0.207,0.037,1.036,1.053,5.359,0.183,57,0
49909,-0.253,-0.084,1.04,0.176,-4.417,0.679,57,0
49965,-0.193,0.032,1.016,0.699,-0.873,0.035,57,0
50020,-0.237,0.038,1.036,0.49,1.473,-0.258,57,0
50074,-0.221,0.026,1.031,0.976,-3.977,0.192,57,0
50129,-0.21,0.042,1.008,-0.481,3.397,1.243,57,0
50185,-0.238,0.01,1.044,1.878,-11.038,-1.076,57,0
