Timestamp(ms),AccelX(g),AccelY(g),AccelZ(g),GyroX(deg/s),GyroY(deg/s),GyroZ(deg/s),DistanceLeft(cm),DistanceRight(cm)
42612,-0.633,-0.073,0.757,0.609,1.005,1.203,0,28
42665,-0.637,-0.07,0.76,-2.174,-3.946,-2.665,0,28
42716,-0.615,-0.074,0.756,2.745,6.26,2.05,0,27
42770,-0.607,-0.083,0.762,1.33,9.199,2.452,0,27
42820,-0.601,-0.065,0.752,-3.844,-8.503,-4.359,5,10
42873,-0.667,-0.058,0.763,1.529,8.601,1.487,0,27
42924,-0.63,-0.072,0.737,-1.467,-6.468,-0.523,0,27
42978,-0.616,-0.068,0.746,1.273,3.528,-0.001,0,27
43031,-0.609,-0.068,0.745,0.18,1.465,-1.487,0,27
43084,-0.632,-0.068,0.739,2.111,10.139,1.309,0,29
43134,-0.628,-0.07,0.738,-0.283,0.717,-2.658,0,28
43189,-0.664,-0.069,0.747,-2.919,-7.797,-2.066,0,28
43239,-0.626,-0.068,0.734,1.225,-0.019,4.137,0,27
43293,-0.609,-0.074,0.736,1.382,2.141,3.134,0,28
43343,-0.642,-0.044,0.737,-4.829,-2.36,-1.681,0,27
43406,-0.635,-0.073,0.739,-7.371,-8.656,-5.045,0,183
43462,-0.639,-0.07,0.738,-8.835,-19.555,-5.45,0,127
43521,-0.594,-0.063,0.742,-8.748,8.868,-4.552,0,127
43577,-0.559,-0.079,0.709,-3.617,53.336,-1.669,0,127
43633,-0.8,-0.036,0.763,4.762,67.412,3.078,0,124
43683,-0.932,-0.117,0.689,-10.94,2.843,-8.911,0,21
43737,-1.0,-0.106,0.754,7.673,-59.527,-3.71,0,20
43787,-0.815,-0.049,0.746,13.511,-108.145,17.453,0,18
43840,-0.602,-0.203,0.61,25.198,-130.557,-1.952,0,21
43890,0.002,-0.14,0.406,30.931,-59.318,-28.076,0,23
43945,-0.163,0.208,0.293,29.763,245.13,-13.26,0,39
43998,-1.269,-0.014,0.769,9.661,201.649,36.153,0,12
44051,-1.576,0.042,1.036,0.559,-65.267,4.017,0,18
44101,-0.923,0.021,0.639,-18.031,-250.137,15.574,0,24
44156,-0.102,-0.139,0.297,-0.873,-163.618,-5.143,0,31
44207,-0.179,0.135,0.548,-8.798,39.42,12.145,0,30
44261,-0.681,0.039,1.005,-9.11,40.962,28.061,0,24
44311,-0.825,-0.008,0.993,-15.298,-56.351,15.334,0,35
44365,-0.843,-0.072,1.009,-27.26,-229.458,-41.608,0,23
44417,0.237,-0.105,0.559,-12.814,-152.756,-16.038,0,38
44470,0.159,-0.017,0.555,16.656,170.45,-33.458,0,22
44525,-0.68,0.026,1.126,20.359,229.29,31.832,0,40
44576,-1.123,-0.001,0.766,-16.319,115.069,33.122,0,33
44627,-1.292,0.017,1.146,-22.809,-97.221,34.328,0,37
44679,-0.72,-0.016,0.808,-29.618,-219.802,41.107,0,38
44734,-0.08,-0.149,1.011,-23.542,-250.137,24.809,0,31
44779,0.856,-0.166,0.154,61.321,88.084,-42.29,91,43
44824,-0.447,0.237,0.521,54.901,250.13,3.771,91,44
44872,-1.319,0.346,0.913,31.687,240.069,89.855,92,47
44917,-1.216,-0.158,1.12,-23.191,-131.743,97.313,92,38
44963,-0.661,0.02,0.771,-13.863,-129.84,93.412,90,46
45008,-0.525,0.236,1.009,-19.038,-244.939,47.435,86,54
45053,0.394,0.032,0.352,7.813,-192.328,-18.321,83,49
45095,0.366,0.049,0.506,14.053,68.443,-48.84,37,45
45137,-0.704,0.292,1.12,17.313,94.328,9.49,36,49
45225,-0.05,0.2,0.801,-2.676,-230.275,27.26,82,51
45271,0.805,0.297,0.408,18.928,384.857,12.0,81,61
45319,0.35,0.288,0.514,-2.044,203.412,-17.59,81,45
45364,-0.76,0.305,0.986,14.594,237.008,4.493,83,53
45409,-1.199,0.298,1.325,-2.149,-40.529,-0.408,83,48
45454,-0.801,0.315,0.858,-33.885,-199.863,21.36,82,57
45499,0.116,0.282,0.394,-36.313,-178.481,-6.996,82,47
45544,0.289,0.396,0.718,-40.168,33.679,35.725,76,47
45589,0.089,0.222,1.014,-27.824,87.756,36.092,76,44
45634,-0.096,-0.013,1.079,-1.805,129.13,1.631,78,51
45679,-0.749,0.032,1.125,-9.82,75.435,-45.115,78,45
45727,-0.472,0.065,1.27,-15.756,-55.515,-19.931,79,50
45772,-0.228,0.071,1.115,-8.25,-60.84,-24.137,79,49
45817,-0.291,0.037,1.01,-10.056,-60.673,-51.137,81,47
45863,0.328,0.518,0.721,25.893,79.855,-64.496,83,62
45908,-1.017,0.262,0.777,30.977,68.71,-34.695,84,42
45954,-0.698,0.291,1.087,-10.903,-52.786,20.359,84,42
45999,-0.008,0.16,0.941,-1.405,-134.725,11.931,83,52
46041,0.42,-0.008,0.374,40.954,33.107,-29.512,26,40
46086,-0.317,0.306,0.754,32.168,120.153,47.084,83,48
46135,-0.656,0.337,1.084,15.822,11.188,58.977,82,62
46180,-0.072,0.236,0.724,-22.298,-55.061,7.03,81,45
46225,0.021,0.253,0.541,-12.217,97.092,-7.318,82,45
46270,-0.921,0.315,1.257,-11.473,57.908,-8.827,83,48
46315,-0.779,0.216,1.179,-24.198,-156.344,-29.374,82,55
46358,0.207,0.349,0.643,-17.977,-187.397,-28.817,29,55
46400,0.486,-0.224,0.564,-48.864,42.076,-37.031,29,41
46445,-0.566,0.041,1.279,-11.587,67.435,-33.771,83,47
46490,-0.516,0.029,1.192,-17.267,-114.061,-58.916,83,46
46539,0.389,0.202,0.583,-15.023,-31.573,-55.115,83,49
46584,-0.461,0.032,0.989,-15.959,81.229,-16.053,84,42
46629,-0.515,0.104,1.342,-23.636,-142.325,-45.881,85,41
46671,0.366,0.11,0.609,2.955,-66.564,-14.717,30,44
46717,0.31,-0.042,0.44,22.076,205.84,23.855,26,13
46763,-0.982,0.002,0.75,27.145,250.13,-9.321,90,39
46808,-1.547,0.396,1.456,-28.158,52.397,25.351,92,36
46854,-0.948,0.068,1.123,-28.725,-188.244,19.656,90,39
46899,-0.1,-0.28,0.612,-18.987,-157.298,-9.573,89,34
46948,0.158,0.193,0.597,30.336,64.29,-12.276,88,37
46993,-0.494,0.249,0.954,40.237,156.405,23.603,89,46
47038,-1.045,0.363,1.011,24.382,54.832,47.962,90,39
47084,-0.911,0.254,1.057,-19.122,-201.389,33.298,88,47
47126,0.205,0.218,0.368,-15.069,-250.137,-15.885,33,41
47169,0.824,0.214,0.22,4.574,27.576,-17.046,35,50
47211,0.162,0.247,0.306,-12.619,250.13,-22.031,36,40
47257,-1.189,0.258,1.002,-3.508,243.244,13.847,89,40
47305,-1.442,0.353,1.281,-33.809,-76.076,34.29,89,40
47351,-0.624,0.082,0.81,-53.687,-247.626,45.687,86,44
47396,0.487,-0.065,0.608,-18.588,-198.443,28.603,83,41
47441,0.728,0.196,0.655,16.939,63.458,-15.031,83,48
47531,-1.137,0.215,1.177,32.0,179.901,32.246,88,51
47576,-1.269,0.281,1.237,-34.26,-68.229,-12.457,88,40
47622,-0.451,0.023,0.754,28.248,-205.542,15.336,86,50
47667,0.587,0.486,0.316,31.55,-56.153,24.985,84,55
47713,0.103,0.408,0.513,32.145,178.786,21.733,86,48
47762,-0.82,0.436,1.082,-22.787,155.29,13.229,88,44
47807,-0.887,0.191,1.277,-20.931,-75.901,-11.977,88,45
47853,-0.008,0.064,0.515,17.748,-120.084,-40.015,88,42
47899,0.038,0.368,0.407,88.024,95.84,-23.855,90,54
47944,-1.083,0.462,1.254,-44.557,45.931,12.626,91,48
47987,-1.001,0.055,1.181,-51.321,-226.687,11.16,38,38
48030,0.181,0.024,0.562,-48.42,-250.137,-14.542,35,40
48075,0.818,0.276,0.474,-34.52,-149.724,-17.176,87,38
48118,0.289,-0.184,0.553,-22.207,211.855,-23.985,35,36
48164,-0.561,0.253,0.681,17.878,250.13,-20.756,36,35
48217,-1.266,0.022,1.192,-25.631,96.763,-13.504,0,39
48272,-0.672,0.34,0.682,-25.893,-128.031,-13.366,0,49
48318,-0.003,0.403,0.468,-24.183,-79.374,25.15,91,52
48364,0.028,0.209,0.672,-33.412,28.267,24.89,92,47
48416,-0.492,-0.24,1.048,-45.931,44.397,-24.847,0,32
48472,-0.614,0.262,1.156,-32.092,40.989,-34.427,0,46
48524,-0.592,-0.066,1.006,-28.802,-29.191,-38.374,0,45
48579,-0.545,0.138,1.013,-25.298,-42.924,-15.29,0,44
48635,-0.384,-0.034,0.728,-18.656,-35.443,-16.527,0,38
48691,0.07,-0.016,1.181,-33.412,105.598,-13.634,0,49
48748,-0.436,-0.097,0.779,-8.112,63.183,-7.341,0,39
48803,-0.894,-0.18,1.366,9.175,85.733,9.467,0,43
48854,-0.569,-0.131,0.755,-1.375,-38.772,-1.353,0,36
48909,-0.597,-0.003,0.703,3.347,29.595,-13.858,0,36
48959,-0.685,0.046,1.15,14.201,85.489,29.465,0,47
49010,-1.168,0.058,1.607,4.377,29.779,6.99,0,41
49061,-1.208,-0.212,1.312,41.855,-113.672,-39.023,0,36
49116,-0.622,0.175,0.742,132.969,-95.511,-36.168,0,44
49170,-0.625,0.012,0.639,46.824,-117.206,40.565,0,36
49215,-0.274,-0.114,0.479,41.13,-158.969,80.626,91,39
49257,0.482,-0.092,0.274,61.168,-114.282,99.412,48,50
49299,0.44,0.237,0.433,40.115,49.649,73.511,43,44
49341,0.117,0.27,0.636,-56.488,126.611,12.053,45,35
49384,-0.152,0.304,0.865,-6.225,147.992,-18.885,45,43
49428,-0.68,0.103,1.077,-17.771,49.496,-25.618,92,41
49473,-0.781,0.215,1.056,-28.878,-118.389,-33.817,92,47
49521,-0.125,0.182,0.739,-50.656,-220.031,-47.855,93,42
49572,0.289,0.183,0.605,-45.725,-102.046,-38.351,0,37
49627,0.184,0.176,1.025,-50.847,31.939,-16.053,0,41
49678,-0.035,-0.042,1.021,-25.092,125.191,-24.267,0,40
49733,-0.447,0.005,1.232,-16.523,114.221,-10.863,0,37
49783,-0.698,-0.068,1.376,-49.004,-128.334,-20.774,0,30
49839,-0.435,-0.112,1.009,32.756,-53.756,-2.34,0,35
49889,0.189,-0.038,0.51,56.13,42.267,13.756,0,32
49943,-0.166,0.31,0.644,21.13,165.962,41.542,0,39
50037,-0.824,0.072,1.203,-40.718,-93.718,-54.885,0,36
50092,-0.723,-0.028,1.266,-25.008,-165.13,-53.29,0,36
50143,0.306,-0.277,0.773,33.183,-7.112,-32.023,0,39
50197,-0.3,0.067,0.554,76.191,250.13,-17.846,0,26
50248,-0.876,0.399,0.593,54.748,250.13,61.916,0,38
50299,-1.366,0.146,0.821,-15.809,-27.722,30.481,0,37
50345,-0.876,0.097,0.453,-46.45,-236.504,-27.895,119,36
50397,-0.265,0.167,0.258,-55.053,-250.137,-14.42,0,39
50451,0.196,0.048,0.503,-66.489,-122.985,-12.814,0,36
50506,0.066,-0.067,0.542,-62.305,-67.173,-27.958,0,30
50557,-0.23,-0.092,1.476,-74.153,40.698,-23.13,0,46
50613,-0.323,-0.356,1.642,-12.745,-55.84,-15.855,0,39
50664,0.216,-0.281,1.357,45.479,100.391,27.867,0,48
50718,0.046,-0.291,1.153,47.588,26.313,-13.641,0,42
50769,-0.086,0.004,0.725,71.718,94.183,-2.477,0,38
50825,-0.449,0.125,0.729,56.992,145.916,33.29,0,39
50870,-0.709,0.097,0.842,30.794,38.069,50.321,99,38
50918,-0.657,0.065,0.673,-24.374,-87.901,33.336,98,34
50963,-0.185,0.263,1.09,-20.763,-194.74,19.573,96,44
51014,0.372,0.01,0.442,-5.867,-140.267,-1.046,0,39
51068,0.521,0.236,0.516,-13.74,66.534,-19.817,0,37
51116,-0.209,-0.023,0.752,-18.122,163.855,-47.55,117,35
51162,-0.666,0.028,1.101,-16.023,103.168,-43.885,120,47
51213,-0.802,0.044,1.105,-28.679,-42.26,-37.427,0,38
51268,-0.669,0.01,0.588,-42.229,-100.298,-37.435,0,29
51319,0.01,-0.081,0.751,-39.137,18.988,-34.916,0,40
51363,0.096,-0.306,1.138,-21.969,70.794,-28.504,17,41
51414,-0.461,-0.025,1.222,3.031,120.725,3.767,0,22
51468,-0.869,-0.168,1.372,5.628,60.031,-7.605,0,22
51518,-0.609,-0.194,1.148,20.947,-29.252,-17.035,0,25
51571,-0.188,-0.2,0.743,53.573,-9.488,-0.963,0,19
51622,-0.324,0.008,0.646,51.176,91.802,26.489,0,18
51677,-0.694,0.271,0.731,29.221,79.45,38.366,0,31
51727,-0.862,0.258,1.07,23.354,-53.786,36.481,0,28
51781,-0.474,0.353,0.685,-15.13,-157.412,22.275,0,22
51835,0.085,0.084,0.607,-18.427,-99.328,4.448,0,40
51890,0.135,0.18,0.737,-16.626,72.786,-2.27,0,22
51941,-0.562,-0.033,1.038,-40.154,88.29,-15.443,0,36
51996,-0.682,-0.002,1.089,-14.13,-27.008,-11.378,0,36
52047,-0.786,-0.02,0.484,-25.756,-82.313,-16.932,0,26
52103,-0.047,-0.06,0.686,-29.092,-59.534,0.939,0,31
52154,-0.051,-0.142,1.144,-30.469,32.977,-5.952,0,34
52208,-0.331,-0.148,0.988,24.458,130.168,-25.397,0,28
52259,-0.895,0.008,1.088,47.321,110.26,6.323,0,32
52313,-1.054,0.18,1.04,28.122,-12.53,32.351,0,23
52368,-0.737,0.015,0.842,18.053,-204.992,51.618,0,39
52419,0.362,-0.092,0.461,28.305,-144.198,34.153,0,35
52474,0.35,0.283,0.472,35.45,155.969,11.58,0,46
52520,-0.634,0.177,0.768,0.499,223.893,22.42,114,30
52567,-1.095,0.187,0.993,-1.927,57.382,24.168,95,37
52661,-0.263,0.213,0.705,-40.618,-199.954,21.489,0,38
52716,0.371,-0.035,0.62,-25.992,-79.206,18.29,0,46
52765,0.144,-0.113,0.849,-16.779,97.634,-22.641,93,37
52810,-0.49,0.115,1.189,-1.535,135.725,-34.206,94,44
52856,-0.79,0.026,1.227,18.321,50.519,-14.931,95,41
52908,-0.881,-0.139,1.081,29.389,-188.259,-50.346,0,35
52960,-0.593,0.033,0.837,31.214,-106.763,41.595,0,40
53015,0.115,0.247,0.626,22.565,-60.542,24.931,0,37
53060,0.027,0.273,0.697,15.697,96.26,-9.733,89,46
53105,-0.309,0.195,0.901,7.298,102.13,-15.244,91,43
53150,-0.74,0.184,0.794,-12.216,46.168,-9.809,91,36
53199,-0.608,0.2,0.739,-23.415,-94.107,12.511,90,37
53244,-0.606,0.266,0.547,-22.328,-127.122,-8.881,89,35
53289,0.171,-0.006,0.639,-30.534,-73.282,-21.893,89,38
53336,0.229,0.039,0.765,-18.092,58.183,-52.733,90,44
53381,-0.589,0.024,0.825,-21.28,155.076,-31.817,92,38
53427,-0.956,0.124,1.155,16.221,72.008,7.733,93,45
53472,-0.909,0.195,1.024,29.176,-41.809,24.718,92,41
53517,-0.516,0.228,1.042,6.88,-116.786,17.901,92,44
53563,-0.055,-0.122,0.624,-19.71,-121.771,-15.702,91,32
53611,0.208,-0.068,0.759,-25.084,-157.704,-39.519,91,35
53657,-0.047,0.01,1.001,15.137,99.733,-20.527,91,42
53702,-0.608,0.204,1.017,31.092,128.244,26.28,92,43
53748,-0.702,0.292,0.774,26.229,70.26,15.634,92,40
53793,-0.824,0.344,0.912,-8.974,-66.869,13.641,92,41
53839,-0.453,0.219,0.965,-25.672,-167.664,4.697,90,48
53884,0.242,0.032,0.645,-14.023,-137.504,-17.481,88,41
53929,0.381,0.256,0.562,6.204,69.412,-21.511,88,37
53976,-0.47,0.256,0.897,4.664,154.046,14.806,90,42
54024,-1.254,0.126,1.346,-16.611,-7.416,11.951,90,43
54070,-0.819,0.121,1.17,-23.275,-233.351,1.886,89,47
54115,0.687,-0.07,0.453,25.223,-191.435,26.201,88,50
54161,0.594,0.127,0.455,21.374,169.611,-10.809,89,47
54206,-0.689,0.193,1.181,21.214,250.13,29.878,89,48
54252,-1.265,0.075,1.468,-3.24,-29.427,29.931,89,42
54297,-0.705,-0.133,0.571,-18.067,-184.107,-32.841,87,37
54343,0.231,0.174,0.615,30.28,101.914,57.536,86,51
54388,-0.468,0.244,1.243,21.207,67.252,38.687,86,48
54437,0.206,0.298,1.216,45.704,-150.206,35.29,85,51
54480,0.783,-0.038,0.393,34.649,-178.929,-12.405,50,41
54524,0.03,0.222,0.65,25.305,250.13,-33.679,53,46
54569,-1.152,-0.11,1.186,16.084,231.198,4.02,88,39
54616,-1.267,0.29,1.355,20.504,-118.0,46.221,90,47
54660,-0.399,0.22,0.765,-1.203,-250.137,44.382,50,46
54704,0.946,0.192,0.188,30.206,-153.854,16.099,57,46
54748,-0.015,0.479,0.751,27.573,154.359,15.84,46,45
54791,-0.722,0.408,1.113,41.367,307.642,40.611,47,61
54838,0.116,0.209,1.057,12.856,-224.458,13.634,45,56
54882,0.925,0.422,0.504,17.496,-49.87,-54.42,44,61
54927,0.059,0.381,0.742,-14.562,189.878,-37.756,46,64
55016,-0.469,0.216,1.257,16.916,-147.008,29.015,46,93
55063,0.8,0.28,0.394,45.916,163.564,29.896,79,84
55114,-0.695,0.733,1.366,-12.728,84.099,43.45,44,84
55159,-0.574,0.198,1.285,-19.71,-240.634,36.702,44,84
55205,1.374,0.303,0.123,29.275,-87.237,-43.771,81,86
55249,0.355,0.711,0.435,31.628,250.13,-26.038,41,84
55296,-0.921,0.451,1.004,-32.985,222.969,40.239,43,63
55339,-1.441,0.228,1.468,-18.26,-118.824,-24.237,42,63
55383,-0.249,0.4,0.741,-49.572,-250.137,-20.374,46,66
55428,1.012,0.402,0.404,-15.068,-53.321,-28.881,44,85
55474,0.074,0.501,0.485,-21.571,139.985,21.076,78,85
55519,-0.391,0.449,1.285,1.614,75.427,40.389,78,58
55564,0.004,-0.126,0.712,27.351,34.695,26.649,78,54
55608,-0.053,0.538,1.032,34.842,66.351,39.445,78,62
55656,-0.68,0.253,1.034,-31.908,-101.13,39.449,77,63
55701,-0.032,0.338,0.756,-17.534,-232.504,9.163,51,87
55747,0.911,0.41,0.3,10.824,-61.198,-14.122,74,88
55793,0.383,0.437,0.617,-19.234,154.031,-12.076,75,71
55838,-0.757,0.329,1.109,-26.626,147.198,-18.145,75,64
55883,-0.601,0.261,1.186,-21.061,-14.032,-37.16,76,66
55929,0.091,0.35,0.931,-0.309,-81.29,-30.618,76,65
55973,0.212,0.216,0.738,-18.206,50.015,-26.885,77,59
56018,-0.259,0.207,1.058,1.223,76.008,-9.695,78,54
56067,-0.513,0.217,0.968,-6.922,-37.878,9.746,78,54
56111,-0.221,0.245,0.695,-31.939,-71.595,22.947,77,56
56154,-0.028,0.329,0.745,-40.664,-66.542,46.977,39,56
56196,0.117,0.19,0.99,-34.45,32.529,46.427,37,57
56239,0.21,0.261,1.171,-15.206,-70.512,20.885,37,47
56281,0.196,0.251,1.394,0.913,68.336,-21.718,38,58
56324,-0.034,0.028,1.253,15.0,114.45,-28.557,40,51
56367,-0.559,0.083,1.299,40.771,45.321,12.557,44,53
56409,-0.539,0.174,0.785,30.282,-47.0,23.237,41,48
56455,-0.59,0.225,0.608,-1.092,-105.985,21.771,38,48
56498,0.384,0.353,0.747,6.903,-105.695,-4.772,38,58
56541,0.456,0.471,0.559,15.977,43.267,-50.275,38,66
56585,-0.087,0.369,0.885,7.844,114.603,-37.527,75,56
56630,-0.691,0.19,1.064,-12.825,24.672,-40.079,76,50
56675,-0.352,0.362,1.192,-12.163,-137.305,17.321,75,55
56718,0.55,0.174,0.519,-11.83,-84.893,-12.298,37,58
56761,0.334,0.263,0.7,25.671,119.229,-21.145,36,60
56805,-0.59,0.36,1.003,20.194,156.305,21.603,76,59
56853,-0.978,0.221,1.239,-9.87,-75.924,84.405,75,49
56899,-0.144,0.298,1.197,-20.756,-250.137,55.931,73,69
56945,1.036,0.034,0.613,-18.725,-109.641,-33.542,73,92
56991,0.585,0.426,0.738,7.426,126.534,-51.504,73,73
57036,-0.212,0.177,1.036,2.154,153.931,-13.603,73,60
57079,-0.047,0.208,1.23,18.901,32.649,31.824,37,67
57124,-0.445,0.322,1.184,-16.779,-87.611,57.771,73,56
57167,0.368,0.396,0.763,-19.489,-165.176,22.115,35,67
57211,0.828,0.212,0.553,-16.817,159.219,-27.313,36,68
57300,-0.496,0.201,1.311,-0.211,75.344,-17.321,40,57
57354,-0.28,0.166,1.072,7.403,-94.031,11.924,78,57
57398,0.278,0.3,0.849,-2.075,-99.389,18.267,74,58
57443,0.462,0.26,0.7,-6.027,38.771,-8.159,75,52
57487,-0.037,0.371,1.117,-4.64,94.061,6.399,74,56
57532,-0.686,0.403,1.418,8.464,-81.74,16.78,74,57
57578,0.091,0.311,0.958,-11.745,-189.405,-12.786,75,93
57625,0.83,0.352,0.514,13.116,-37.359,10.989,75,87
57672,0.41,0.281,0.822,-11.753,161.359,-15.703,76,59
57717,-0.055,0.281,1.164,20.895,148.954,16.084,73,58
57761,-0.591,0.19,1.325,19.122,-40.748,16.397,73,60
57807,-0.073,0.336,0.909,-7.24,-133.573,4.725,72,74
57851,0.441,0.289,0.314,-14.862,-91.084,26.725,38,88
57895,0.68,0.041,0.518,23.511,44.221,35.267,34,88
57938,0.321,0.235,0.67,14.206,188.237,7.391,38,63
57981,-0.302,0.256,0.997,5.794,163.824,18.473,38,62
58025,-0.671,0.187,1.411,-16.351,-47.351,8.793,71,59
58074,0.079,0.01,0.746,-18.885,-165.481,-24.626,71,63
58116,0.638,0.287,0.641,-21.664,-41.679,-18.031,29,61
58161,0.384,0.198,0.768,-27.282,84.412,-10.55,71,54
58206,0.061,0.102,0.984,-15.687,125.115,-9.885,74,58
58251,-0.239,-0.015,1.069,-6.907,89.847,-22.824,75,52
58295,-0.735,-0.114,0.547,-14.779,61.725,-21.015,77,43
58340,-0.524,0.169,1.003,-20.13,-31.802,18.359,74,57
58384,0.025,0.137,1.182,-27.577,-27.031,21.336,73,44
58429,0.149,0.331,1.174,36.19,80.214,-18.489,74,62
58476,-0.642,0.042,0.997,14.221,117.87,-29.229,79,44
58521,-0.554,0.022,0.633,22.595,55.496,-40.046,81,43
58566,-0.242,0.193,0.686,15.122,20.521,-46.313,81,51
58610,-0.209,0.235,1.007,19.274,33.767,-14.0,83,55
58655,-0.067,0.046,0.617,-23.382,-46.198,-12.725,83,55
58700,-0.093,-0.205,0.691,-25.16,-185.712,-35.601,83,41
58745,-0.084,-0.011,1.098,3.125,154.023,5.961,83,48
58790,-0.957,0.085,1.446,-6.404,155.588,-10.603,85,51
58835,-0.997,0.022,1.148,14.015,-44.712,-11.124,86,46
58884,-0.783,-0.004,0.76,15.939,-141.031,-14.687,85,44
58929,-0.252,0.275,0.571,8.783,-154.618,-35.282,84,50
58973,0.084,-0.114,0.537,-31.492,-74.13,-31.252,84,38
59018,0.118,-0.129,0.605,-37.869,-52.334,-19.598,84,40
59063,0.063,0.045,0.645,-24.595,138.382,-28.382,87,41
59114,-0.527,-0.074,1.137,-26.588,155.679,-58.069,0,50
59160,-0.844,-0.106,1.038,-16.0,17.791,-51.618,92,47
59210,-0.767,-0.073,1.071,-20.725,-53.595,-48.344,0,31
59266,-0.552,-0.137,1.051,-7.228,-71.718,-50.435,0,31
59319,-0.684,-0.277,1.29,18.901,48.932,-15.794,0,37
59374,-0.53,-0.007,0.706,58.939,35.863,22.855,0,37
59419,-0.498,-0.008,0.723,43.985,50.481,60.893,91,47
59464,-0.591,0.009,0.764,16.489,40.128,29.954,89,44
59509,-0.269,0.141,0.693,7.496,-86.939,-15.061,88,47
59554,-0.08,-0.094,0.597,-18.418,-30.412,-20.748,88,36
59642,-0.526,0.202,1.056,-14.947,35.453,28.702,88,46
59687,-0.724,-0.008,1.079,-28.092,-67.092,-17.893,88,43
59736,-0.447,-0.005,1.249,-31.313,-152.687,-35.771,87,42
59781,0.215,-0.081,0.4,-8.811,-117.725,-25.656,27,14
59824,0.069,-0.105,0.564,31.443,58.748,27.748,36,39
59872,-0.143,0.01,1.012,19.969,78.389,27.664,136,51
59917,-0.541,-0.011,1.11,-24.173,-79.175,17.672,88,41
59965,-0.079,0.1,0.94,8.901,18.909,-22.237,136,49
60010,-0.631,0.02,0.618,17.718,-61.404,-21.436,88,41
60055,-0.481,-0.059,0.989,-12.578,-86.492,11.313,87,42
60100,-0.607,-0.147,1.028,-17.893,-120.725,-23.215,86,40
60148,0.261,-0.02,0.62,-45.723,-28.656,-26.298,26,14
60193,-0.455,0.006,1.243,31.829,94.038,-32.489,87,56
60236,-0.224,0.286,1.222,32.473,32.282,56.206,38,50
60278,-0.576,-0.068,1.224,28.771,102.277,50.13,36,56
60320,-0.225,-0.186,0.582,19.496,-56.053,-56.488,32,42
60363,0.508,0.181,0.672,27.115,-43.038,35.076,30,39
60405,0.145,-0.018,0.979,21.443,56.947,12.7,30,54
60450,0.134,0.011,0.744,23.041,33.366,-42.763,83,58
60496,-0.829,0.028,1.273,-21.13,-58.263,-70.687,83,61
60546,0.05,0.352,0.873,18.733,-135.527,21.969,83,60
60591,0.31,0.119,0.529,-3.925,-5.189,28.748,32,99
60633,-0.047,0.308,0.872,4.273,118.702,9.977,33,58
60676,-0.522,0.272,1.061,-17.5,47.168,32.519,34,59
60719,-0.013,0.319,1.144,21.259,-65.511,20.496,32,53
60761,0.295,0.205,0.727,-23.809,-38.763,-36.313,32,56
60804,-0.08,0.153,1.049,-22.878,87.679,-50.023,32,51
60846,-0.591,0.135,1.18,11.179,45.565,23.947,33,51
60889,0.245,0.39,1.021,18.557,-50.244,85.855,31,60
60934,0.068,0.343,1.064,-17.29,-37.412,14.053,29,56
60976,0.099,-0.084,0.601,-27.059,37.519,-12.618,31,43
61019,-0.186,0.106,0.965,10.552,35.992,44.328,31,50
61061,-0.012,0.243,0.748,10.639,58.334,65.924,31,51
61106,0.024,0.022,0.74,-24.55,85.969,19.733,82,52
61149,-0.663,0.178,1.466,-44.573,78.656,-62.802,36,47
61191,-0.459,-0.016,1.37,-2.756,-61.969,-16.725,36,46
61234,0.031,0.016,1.061,27.38,-76.405,-29.16,41,57
61277,-0.191,0.169,0.872,7.693,-2.783,-30.427,41,49
61326,-0.065,0.141,0.843,29.0,8.392,62.557,82,49
61368,-0.345,-0.01,0.832,2.942,62.626,-15.664,39,46
61411,-0.749,0.186,1.136,14.666,-13.804,-22.756,39,51
61454,-0.299,0.262,0.675,-0.726,-148.489,41.214,36,43
61497,0.095,0.045,0.681,-0.743,-98.511,20.237,37,52
61539,0.384,0.295,0.699,-2.287,-15.427,13.924,34,49
61582,0.038,-0.004,1.156,6.774,99.527,18.422,33,55
61627,-0.495,0.038,1.162,17.695,70.618,-10.794,80,44
61673,-0.237,0.175,1.092,18.924,-55.527,39.328,81,50
61721,0.148,0.115,0.716,-9.367,-31.641,-24.794,81,50
61766,0.042,0.241,0.619,-27.215,-39.654,-30.924,79,45
61809,0.06,0.18,1.068,3.216,34.256,24.276,34,56
61898,-0.554,0.05,1.147,-19.214,61.313,-28.519,82,47
61943,-0.617,0.048,1.256,-5.274,-30.168,-17.405,82,45
61988,-0.07,0.2,1.003,0.881,-112.504,-1.029,82,50
62034,0.392,0.032,0.619,-10.217,-22.571,-29.069,82,45
62080,-0.077,0.157,0.85,1.462,117.115,-16.985,81,48
62125,-0.853,0.031,1.234,13.022,18.425,29.565,82,46
62174,-0.175,0.18,1.02,-18.778,-137.534,-3.462,83,37
62219,0.326,0.038,0.656,-42.802,129.019,-85.26,84,53
62265,-0.092,-0.033,1.097,-18.794,102.496,-40.603,85,51
62310,-0.75,0.037,1.307,6.799,69.748,-10.687,86,40
62356,-0.586,0.083,1.134,34.137,-57.725,38.427,85,48
62401,-0.011,0.248,0.768,20.802,-63.42,56.595,84,52
62447,0.306,0.203,0.619,2.169,-53.954,51.695,82,45
62492,0.233,0.388,0.751,7.376,27.573,12.438,82,55
62537,0.105,0.046,1.132,-13.588,37.626,-19.168,82,53
62586,-0.047,0.011,0.686,7.182,99.771,-15.855,84,51
62631,-0.593,0.12,1.098,-7.786,88.382,27.45,85,40
62676,-0.768,0.232,1.186,-18.779,-59.809,19.672,85,47
62723,-0.203,-0.084,0.728,-17.237,-132.756,19.595,84,40
62769,0.44,-0.047,0.518,-13.618,25.84,33.452,84,55
62814,-0.056,0.195,0.787,-11.959,243.977,-22.13,84,46
62860,-1.102,-0.025,1.484,13.024,149.0,30.205,86,51
62905,-0.937,-0.127,1.261,15.954,-106.565,13.641,85,43
62954,0.064,0.043,0.533,-6.339,-134.176,18.267,84,44
63000,0.279,0.163,0.465,7.032,28.053,14.443,84,48
63045,-0.48,0.021,0.676,-32.489,87.802,-31.313,85,42
63091,-0.484,0.011,1.142,-27.282,71.522,-52.939,87,52
63136,-0.258,0.0,1.224,-19.061,-41.046,-58.74,88,50
63187,0.078,-0.138,1.256,20.873,59.443,-23.626,90,52
63233,-0.628,0.019,1.037,18.763,49.374,10.114,90,46
63278,-0.543,0.118,1.128,20.809,51.364,41.794,89,49
63322,-0.368,0.053,0.904,5.962,-32.122,28.168,89,42
63369,-0.314,0.043,0.775,-1.981,-46.205,-29.13,89,41
63414,0.255,0.359,0.724,7.985,25.153,-21.519,89,52
63459,-0.562,0.16,0.96,8.582,38.786,21.115,90,44
63503,-0.744,0.216,1.008,-15.0,16.44,35.031,89,46
63548,-0.447,0.376,1.106,-23.267,-99.137,29.565,88,51
63593,0.055,-0.01,0.811,-22.875,-64.656,-5.346,87,40
63637,0.197,-0.085,0.773,16.237,88.16,-19.16,87,49
63682,-0.467,-0.003,1.07,15.695,177.939,-13.061,88,48
63727,-0.926,0.02,1.062,21.214,55.748,14.855,89,41
63774,-0.663,0.122,1.023,1.302,-104.924,23.328,87,47
63819,0.054,0.039,0.525,3.775,-114.458,23.629,87,51
63864,0.385,0.253,0.311,13.477,142.817,19.664,87,49
63908,-0.784,0.333,0.833,19.086,245.275,50.015,88,52
63953,-1.399,-0.05,1.242,1.522,29.328,37.534,90,41
63998,-0.903,0.161,1.042,-31.817,-194.947,27.733,88,44
64044,-0.017,0.023,0.626,-7.977,-208.29,5.436,86,47
64088,0.364,0.466,0.572,13.679,52.942,-22.832,86,54
64133,-0.291,0.23,0.925,-5.9,136.832,-28.649,87,47
64224,-0.872,0.073,1.199,5.993,-117.115,-42.977,88,42
64269,-0.123,0.004,0.808,12.57,-133.679,49.913,88,51
64314,-0.014,-0.013,0.646,30.45,29.095,27.725,87,48
64359,-0.076,0.216,0.934,14.214,43.473,39.336,86,48
64403,-0.439,-0.074,0.758,-9.941,55.656,-17.626,87,42
64448,-0.412,0.067,0.93,6.842,24.618,-41.885,87,44
64493,-0.536,0.15,0.984,8.163,-32.802,23.164,87,47
64537,-0.463,0.099,0.995,12.092,-72.466,34.061,87,49
64582,-0.157,0.258,0.922,-3.213,-49.092,36.229,86,44
64630,0.024,0.064,0.911,-14.275,44.005,-13.427,86,47
64675,-0.388,0.046,0.81,-20.738,78.053,-54.366,87,40
64720,-0.674,-0.007,1.081,19.507,50.763,-15.519,87,48
64764,-0.724,0.146,1.021,20.703,38.014,27.473,87,48
64809,-0.502,0.086,1.027,17.161,-102.527,63.557,85,48
64855,0.09,0.052,0.613,-17.886,-118.702,33.878,84,46
64900,0.328,0.232,0.757,2.077,83.376,-31.656,84,50
64945,-0.034,0.287,1.097,9.761,83.366,-26.527,84,53
64989,-0.527,-0.011,1.068,5.523,39.237,-5.323,84,45
65037,-0.465,0.294,1.128,21.107,-51.656,39.565,84,51
65082,0.138,0.257,1.012,-16.221,-103.985,31.511,84,53
65127,0.068,-0.137,0.724,-24.656,-68.924,-19.267,83,41
65172,0.228,0.063,0.862,-15.687,25.977,-44.206,84,45
65217,-0.354,-0.122,1.032,-5.006,86.901,-37.771,85,45
65262,-0.473,-0.061,1.017,24.145,55.023,-59.097,84,41
65306,-0.494,0.019,0.729,17.847,-45.759,62.221,83,44
65351,-0.008,0.222,0.933,4.874,-38.893,46.664,81,49
65396,0.314,0.118,0.627,-6.061,38.779,-17.053,82,48
65444,0.208,0.224,0.615,-2.473,163.618,-33.229,84,51
65489,-0.827,0.011,1.113,-6.304,175.221,-1.548,86,48
65534,-1.089,0.047,1.33,-17.17,-62.901,-28.183,87,49
65580,-0.513,0.2,1.008,-19.962,-183.137,-29.817,87,53
65626,0.354,-0.152,0.566,-28.667,-63.954,-24.153,87,42
65670,0.069,-0.014,0.648,-23.609,128.939,-51.199,88,36
65715,-0.563,-0.045,0.746,-7.649,166.809,-13.368,90,42
65761,-0.891,0.01,0.495,-58.287,-314.842,-18.397,91,34
65815,-0.65,0.077,0.82,-34.58,-131.847,-21.649,0,42
65870,-0.07,0.026,0.565,-39.687,-98.542,-23.794,0,43
65922,-0.077,0.013,0.807,-50.412,-45.119,-18.45,0,32
65976,-0.181,-0.159,1.213,-39.229,34.947,-31.282,0,28
66027,-0.485,-0.312,1.355,-19.595,38.715,-27.718,0,37
66081,-0.304,-0.241,1.202,21.0,40.647,21.975,0,27
66132,-0.116,-0.181,0.995,35.916,33.328,21.382,0,36
66188,-0.459,-0.042,0.665,43.588,70.962,48.931,0,35
66239,-0.657,0.213,1.009,29.458,97.453,49.954,0,42
66293,-0.546,-0.051,0.847,0.043,-88.679,37.298,0,41
66349,-0.195,-0.14,0.934,-22.062,-171.886,-8.817,0,37
66395,0.456,-0.111,0.529,-25.104,-42.931,-50.634,27,13
66439,-0.024,-0.099,0.904,7.52,112.687,-29.092,90,36
66484,-0.708,-0.02,1.135,20.313,98.382,10.962,90,35
66529,-0.705,0.024,1.1,27.336,-83.433,38.435,90,41
66618,-0.004,-0.038,0.676,17.969,-41.335,56.168,86,45
66663,0.003,0.184,0.763,-5.893,26.557,24.489,86,45
66708,-0.082,0.136,0.829,-7.565,50.214,-17.794,86,49
66756,-0.401,0.047,0.692,-16.626,35.641,-28.031,87,43
66802,-0.631,0.021,1.094,-27.336,-36.333,-48.481,89,40
66847,-0.567,0.07,1.199,-21.954,-78.565,-31.542,90,40
66892,-0.061,-0.083,1.195,26.562,-59.229,47.103,90,49
66938,-0.07,-0.004,1.007,15.954,54.061,21.099,90,45
66983,-0.304,-0.016,0.555,21.031,107.931,34.542,90,37
67028,-0.645,0.117,1.114,4.664,48.58,17.817,89,43
67074,-0.568,0.036,1.175,14.155,-105.886,-23.924,89,49
67126,0.017,0.035,0.655,-20.603,-94.641,-36.084,0,42
67175,-0.159,0.002,1.034,-16.931,26.817,-22.992,91,46
67220,-0.447,-0.004,1.039,-7.923,3.683,-12.539,91,42
67266,-0.126,-0.008,1.264,4.007,19.273,42.879,92,50
67317,-0.091,-0.087,0.752,-3.403,11.532,15.405,0,48
67373,-0.123,0.151,1.102,-22.13,8.678,23.458,0,44
67420,0.031,-0.105,0.749,3.354,76.389,-10.885,110,38
67471,-0.644,-0.107,1.231,6.793,97.649,-7.305,0,35
67526,-0.9,-0.025,1.206,26.328,-33.389,24.181,0,43
67578,-0.198,0.012,0.863,20.282,-107.618,31.87,0,47
67633,0.019,-0.022,0.749,-8.222,-43.794,11.42,0,38
67689,-0.138,0.093,0.902,19.053,45.115,-11.618,0,43
67734,-0.789,0.033,1.298,10.154,-8.644,24.176,88,43
67779,-0.876,-0.12,0.767,31.55,-129.985,25.725,87,44
67825,0.119,0.296,0.833,5.146,-91.031,24.145,85,43
67870,0.359,0.115,0.668,1.852,11.637,-3.362,85,46
67915,0.017,0.147,1.063,12.133,100.901,-28.496,85,50
67961,-0.557,0.018,1.009,1.581,89.046,-9.55,86,42
68006,-0.731,0.235,1.236,-5.229,-57.313,26.969,85,39
68055,-0.24,0.293,1.09,2.976,-212.519,32.435,84,50
68101,0.671,0.022,0.449,-18.86,-117.008,-12.397,84,42
68146,0.633,0.215,0.513,17.748,168.061,-35.244,84,49
68191,-0.468,0.177,0.664,-4.684,239.359,-17.415,84,40
68237,-1.116,0.059,1.289,20.863,50.008,40.878,86,42
68282,-0.759,0.206,1.055,-6.673,-185.206,49.542,84,46
68328,0.213,0.178,0.634,-16.351,-247.359,30.511,83,42
68373,0.892,0.243,0.454,-3.295,-115.812,-10.747,83,45
68418,0.336,0.267,0.737,-5.593,208.023,-29.389,83,47
68467,-0.605,0.113,1.108,0.028,195.779,-36.122,84,44
68512,-1.113,0.186,1.416,4.071,-50.206,-29.947,85,46
68558,-0.675,0.193,0.984,-21.16,-250.137,-12.504,85,43
68603,0.51,0.297,0.312,-9.415,-232.122,33.669,85,54
68649,0.935,0.195,0.354,-3.842,121.756,-10.083,85,39
68695,0.013,0.242,0.77,-6.104,250.13,-4.38,86,47
68741,-1.105,0.023,1.218,13.254,232.542,7.262,87,48
68786,-1.16,0.2,1.469,4.98,-100.901,-7.491,87,42
68835,-0.446,0.031,0.649,-12.779,-250.137,14.198,86,44
68880,0.575,0.329,0.304,19.004,-152.359,30.771,85,52
68926,0.555,0.309,0.585,-19.159,87.115,29.939,85,44
69015,-0.536,0.004,1.211,-19.481,135.725,-22.718,86,43
69061,-1.026,0.34,1.605,13.28,-109.878,-43.489,87,52
69106,0.195,-0.003,1.173,7.106,-228.481,-18.092,87,49
69152,0.578,-0.008,0.655,19.662,-58.763,10.572,88,51
69198,0.421,-0.038,0.624,14.939,186.672,13.183,86,40
69249,-0.523,-0.021,0.844,16.863,250.13,28.74,87,41
69297,-1.455,0.076,1.638,24.954,-3.315,29.679,87,44
69341,-0.745,0.198,1.076,-11.075,-250.137,-3.04,86,47
69386,0.612,0.013,0.312,9.669,-249.886,-24.344,85,57
69431,1.0,0.254,0.248,13.511,121.916,-10.649,85,48
69475,-0.265,-0.347,-0.199,-33.793,250.13,-48.685,26,14
69520,-1.162,0.037,1.449,22.282,148.092,21.847,86,43
69564,-1.266,0.208,1.468,7.439,-188.603,7.522,86,46
69609,-0.772,-0.069,0.723,-17.359,-250.137,-10.725,86,41
69654,1.203,0.183,0.371,0.498,-120.534,-5.599,85,46
69709,0.488,0.222,0.488,13.313,250.13,-29.622,85,36
69756,-0.628,0.198,0.782,23.847,250.13,4.041,86,41
69804,-1.583,0.238,1.614,16.42,-50.863,1.546,89,42
69851,-0.871,0.228,0.933,-17.939,-250.137,8.914,83,49
69898,0.772,-0.122,-0.152,-15.324,-250.137,-7.881,85,47
69945,1.027,0.344,0.296,23.702,154.847,17.817,84,51
69992,0.005,0.275,0.666,-11.447,250.13,14.55,82,44
70039,-1.0,0.175,0.994,10.835,241.237,19.229,89,45
70086,-1.277,0.256,1.462,-4.491,-112.122,-20.534,88,43
70136,-0.453,0.251,1.31,-39.344,-250.137,-25.664,85,53
70183,1.22,0.039,0.319,-18.359,-162.756,-19.748,85,49
70231,0.768,0.189,0.528,-7.763,240.382,-14.557,86,44
70278,-0.552,-0.139,1.011,0.811,250.13,-10.069,87,38
70325,-1.494,0.061,1.632,23.786,58.786,-5.366,88,41
70372,-1.244,-0.021,1.118,-15.133,-250.137,-18.588,87,40
70420,0.248,0.207,0.265,-6.882,-250.137,17.939,86,48
70467,1.385,-0.019,0.097,16.053,45.71,19.931,86,43
70514,0.264,0.333,0.702,14.524,250.13,8.525,85,46
70564,-1.01,0.164,1.243,13.281,190.084,-11.351,87,45
70611,-1.121,0.192,1.406,20.323,-130.618,-21.008,87,53
70659,-0.295,0.19,0.764,-13.718,-250.137,-15.211,86,39
70706,1.395,0.003,0.511,-4.63,-102.374,17.053,86,47
70753,0.598,0.275,0.548,13.786,250.13,9.242,86,47
70800,-0.583,0.154,1.004,12.871,250.13,9.918,86,44
70848,-1.447,0.179,1.625,15.806,59.16,-2.895,87,44
70895,-0.836,-0.126,0.443,-18.344,-250.137,-13.947,86,36
70945,0.709,-0.056,0.081,-23.424,-233.0,-10.14,86,46
70992,0.908,0.175,0.402,-5.05,148.618,-8.286,85,42
71040,-0.157,0.187,1.011,12.661,250.13,14.982,86,53
71087,-1.415,0.027,1.818,18.74,29.328,0.571,87,48
71134,-0.923,0.241,1.045,-22.374,-250.137,-16.382,86,40
71182,0.454,0.102,0.304,-7.548,-250.137,15.458,85,50
71229,1.287,0.182,0.093,1.199,83.214,30.092,86,40
71276,0.133,0.243,0.844,1.266,250.13,17.847,85,46
71324,-0.779,0.085,1.416,3.369,143.061,11.729,86,48
