Timestamp(ms),AccelX(g),AccelY(g),AccelZ(g),GyroX(deg/s),GyroY(deg/s),GyroZ(deg/s),DistanceLeft(cm),DistanceRight(cm)
30534,-0.15,-1.238,0.173,-4.748,-13.866,-13.697,30,14
30580,-0.126,-1.089,0.031,-0.023,-0.46,-6.24,100,48
30626,-0.156,-0.976,0.176,1.121,-0.27,-0.957,100,46
30671,-0.124,-1.128,0.15,-2.347,-4.787,-3.696,101,46
30717,-0.129,-1.023,0.161,1.16,-0.778,0.774,102,47
30764,-0.116,-0.872,0.175,11.357,12.999,1.307,99,49
30809,-0.093,-0.87,0.211,10.255,17.042,0.686,98,48
30858,-0.125,-0.948,0.253,7.725,17.015,-0.6,104,48
30903,-0.149,-1.011,0.28,3.457,10.37,2.11,99,49
30949,-0.135,-1.104,0.251,-4.649,-18.487,-1.865,99,48
30995,-0.096,-1.042,0.186,9.74,16.954,-6.966,101,47
31041,-0.181,-0.837,0.221,9.168,23.389,2.966,124,48
31087,-0.317,-1.036,0.205,-3.649,-1.99,-11.389,100,47
31134,-0.268,-0.962,0.205,-2.934,2.868,-15.908,123,49
31180,-0.17,-0.887,0.185,-6.771,5.337,-14.55,98,49
31225,-0.253,-0.945,0.199,-8.71,0.525,-10.588,99,48
31275,-0.276,-0.957,0.229,-12.229,-6.274,-7.908,101,50
31321,-0.193,-0.906,0.245,-13.092,-14.947,-8.718,99,50
31366,-0.148,-0.913,0.2,-14.397,-5.081,-4.014,97,51
31412,-0.155,-1.004,0.182,-12.389,6.281,-10.12,95,52
31458,-0.222,-1.039,0.241,-10.649,18.55,-7.558,93,56
31503,-0.147,-1.177,0.287,-11.832,14.466,1.564,90,61
31549,-0.167,-1.278,0.247,-12.45,-37.365,-18.927,87,53
31595,-0.057,-1.358,0.182,-11.725,8.752,11.334,84,62
31641,-0.104,-1.46,0.172,-9.664,21.519,12.555,81,76
31692,-0.091,-1.053,0.111,2.038,17.794,9.815,108,91
31737,-0.145,-0.786,0.177,9.022,23.692,17.817,82,58
31784,-0.089,-0.995,-0.017,7.093,-3.639,23.954,105,59
31832,-0.056,-0.9,-0.019,8.603,2.541,28.282,104,64
31881,-0.026,-0.944,-0.055,-2.465,-10.906,25.252,104,116
31929,-0.049,-0.785,0.017,-6.871,-17.477,15.618,102,71
31978,0.003,-0.687,-0.007,3.425,8.347,30.545,101,111
32027,-0.07,-0.708,0.053,-11.001,-18.666,-9.632,101,92
32074,-0.1,-0.721,0.026,3.576,-0.742,3.608,98,75
32124,-0.102,-0.887,0.012,0.32,-2.642,2.172,99,76
32172,-0.115,-1.083,-0.003,-6.863,13.446,-9.786,98,77
32219,-0.157,-1.089,0.121,-1.619,16.223,-16.046,95,75
32266,-0.27,-1.101,0.175,-2.579,0.173,-20.107,94,77
32313,-0.022,-1.212,0.339,7.535,2.138,-23.336,93,85
32360,-0.29,-1.375,0.206,-3.993,-17.756,-26.336,91,80
32407,-0.468,-1.523,-0.096,-11.623,-25.336,-20.863,27,24
32455,-0.119,-1.422,0.118,14.718,-17.16,-3.49,87,87
32508,0.031,-0.573,0.027,21.282,-5.925,20.053,85,145
32561,0.038,-0.756,0.023,12.206,24.863,38.267,92,167
32613,0.071,-0.87,-0.027,31.832,64.214,39.206,147,93
32665,-0.077,-0.728,0.152,16.42,72.595,32.244,145,122
32718,-0.169,-0.745,0.198,7.13,38.534,20.382,143,121
32771,-0.129,-0.737,0.13,8.344,1.408,9.27,142,120
32823,-0.14,-0.814,0.043,-5.887,1.258,-7.179,141,102
32875,-0.182,-1.169,-0.105,-7.298,0.968,-8.237,40,38
32969,-0.31,-1.031,0.191,-16.42,-3.23,-18.695,136,106
33025,-0.222,-0.979,0.222,-16.229,5.872,-21.427,135,114
33076,-0.282,-1.115,0.218,-7.87,28.029,-21.0,133,106
33127,-0.301,-1.34,0.202,-11.74,2.068,-15.084,117,108
33183,-0.313,-1.406,0.259,-12.718,2.482,5.123,116,0
33234,-0.315,-1.328,0.155,9.235,-22.015,-11.328,127,117
33289,-0.206,-0.724,0.155,5.657,-50.618,16.655,120,167
33335,-0.123,-0.873,-0.028,3.049,-40.458,21.527,115,30
33382,-0.072,-0.824,-0.095,10.275,-14.672,33.565,120,33
33433,-0.089,-0.759,-0.049,0.48,18.656,31.595,118,127
33483,-0.183,-0.772,-0.023,0.198,12.502,31.74,118,37
33529,-0.175,-0.749,-0.02,-6.084,-20.153,18.282,108,39
33582,-0.157,-0.794,-0.049,-14.443,-35.542,13.55,122,133
33630,-0.17,-0.925,-0.063,-17.366,-30.076,7.327,144,42
33677,-0.205,-0.951,0.01,-15.878,-25.221,-2.554,107,43
33723,-0.252,-1.028,0.035,-20.672,-33.84,-8.603,106,44
33769,-0.077,-0.818,0.058,-19.687,-38.267,-13.779,104,46
33816,-0.033,-0.799,0.043,-16.84,-35.198,-17.969,102,48
33865,-0.187,-1.089,0.171,-15.939,-24.863,-21.359,100,50
33911,-0.37,-1.204,0.003,-7.26,-24.87,-24.626,99,52
33966,-0.295,-1.276,0.161,2.247,-35.244,-35.0,98,54
34012,-0.296,-1.415,0.256,17.764,-35.718,-34.763,98,60
34058,-0.305,-1.5,0.178,11.0,-43.145,-30.977,95,60
34112,-0.324,-1.055,0.027,24.87,-50.947,-30.856,91,0
34155,-0.07,-0.639,0.079,22.099,-50.817,41.137,137,0
34211,-0.025,-0.929,-0.022,18.366,-33.756,36.557,140,0
34271,0.068,-0.787,-0.101,36.061,39.267,40.969,139,0
34320,-0.164,-0.735,0.039,1.754,43.885,45.038,152,38
34367,-0.275,-0.794,0.178,-4.61,-1.179,39.58,135,39
34415,-0.168,-0.756,0.002,-7.137,-42.695,25.061,151,42
34463,-0.106,-0.784,0.032,-16.359,-31.939,9.117,147,45
34511,-0.174,-1.07,0.051,-22.977,-15.504,-19.849,145,45
34558,-0.288,-0.762,0.186,-30.573,-30.939,13.805,143,43
34607,-0.102,-0.8,0.161,-30.527,-42.435,-14.344,140,43
34654,-0.286,-0.882,0.232,-31.092,-33.84,-19.947,122,44
34703,-0.29,-1.267,0.208,-16.206,-36.511,-23.29,120,45
34750,-0.309,-1.393,0.198,-11.395,-35.901,-21.901,35,14
34797,-0.315,-1.223,0.019,-15.785,-40.405,-25.511,117,48
34843,-0.277,-1.187,0.159,-6.58,-38.702,-26.42,109,50
34889,-0.289,-1.304,0.011,-20.366,-42.374,-12.634,108,50
34936,-0.29,-1.314,0.022,-20.42,-53.641,6.987,106,53
34982,-0.111,-0.735,0.0,-8.802,-50.076,32.87,103,60
35030,-0.047,-0.693,0.271,-18.847,-45.16,53.824,108,61
35079,-0.128,-1.12,-0.063,-9.336,-66.198,46.076,108,57
35127,-0.162,-1.015,-0.009,-9.542,-75.641,34.664,120,57
35174,-0.089,-0.856,-0.069,-10.031,-70.832,31.176,118,55
35222,-0.12,-0.74,-0.03,-2.63,-62.29,26.145,116,70
35270,-0.13,-0.705,-0.035,-8.298,-65.298,20.641,112,65
35318,-0.167,-0.841,-0.053,-12.099,-66.237,15.26,109,76
35365,-0.111,-1.126,-0.137,-12.45,-60.878,-8.416,106,72
35456,-0.155,-0.863,-0.039,-15.443,-23.053,12.624,104,60
35503,-0.265,-0.992,0.066,-16.359,-22.328,-10.673,101,59
35553,-0.201,-0.944,0.094,-18.298,-31.634,-14.13,100,80
35601,-0.217,-1.003,0.136,-16.87,-32.366,-20.42,96,84
35648,-0.246,-1.201,0.042,-12.015,-26.611,-22.885,93,69
35695,-0.175,-1.33,0.295,16.259,39.86,-22.405,91,77
35741,-0.318,-1.54,0.172,-7.585,-10.497,-13.443,88,70
35787,-0.369,-1.591,0.2,12.458,-19.076,-10.817,83,74
35834,-0.178,-1.08,0.084,26.305,-27.641,-4.331,80,76
35881,-0.031,-0.56,0.244,26.481,-20.45,17.618,101,80
35933,0.034,-0.768,-0.013,27.786,20.924,20.069,101,82
35981,0.001,-0.838,-0.023,37.84,52.511,36.191,98,85
36030,-0.061,-0.718,0.055,20.992,70.145,47.771,98,107
36078,-0.183,-0.799,0.155,7.217,52.802,44.321,101,86
36127,-0.17,-0.809,0.182,6.431,19.573,27.267,117,88
36176,-0.149,-0.705,0.106,-2.079,7.937,11.229,116,89
36226,-0.258,-0.835,0.08,-5.588,25.878,-6.582,115,91
36275,-0.325,-0.859,0.191,0.626,17.565,-16.183,114,92
36326,-0.337,-0.941,0.164,-7.716,-4.928,-28.099,113,121
36377,-0.346,-0.847,0.181,-14.687,1.425,-33.985,91,96
36427,-0.34,-0.809,0.162,-11.328,6.443,-30.763,89,119
36475,-0.383,-1.101,0.152,-9.817,11.818,-28.229,84,114
36524,-0.448,-1.112,0.19,-6.183,0.742,-23.611,77,101
36572,-0.483,-1.158,0.245,-11.366,1.532,-11.275,79,103
36620,-0.494,-1.37,0.213,-7.466,-17.74,9.074,76,115
36668,-0.375,-1.3,0.087,-6.595,-37.427,14.725,75,108
36717,-0.165,-0.7,0.118,-0.276,-29.611,43.176,82,120
36767,-0.223,-0.909,0.024,-6.092,-26.565,64.908,93,123
36822,-0.168,-0.875,0.0,0.424,-36.611,55.229,93,134
36873,-0.152,-0.755,0.01,-9.176,-37.023,43.824,115,122
36926,-0.152,-0.663,0.03,-10.29,-25.038,41.756,110,156
36977,-0.264,-0.66,0.061,-6.656,-30.084,34.405,109,125
37030,-0.143,-0.858,0.021,-8.099,-40.267,12.115,107,164
37082,-0.309,-1.155,-0.051,-10.264,-29.206,-15.519,105,131
37135,-0.198,-0.974,-0.013,-6.756,-5.682,-30.183,103,165
37186,-0.142,-0.772,0.044,-8.458,20.288,-33.885,102,133
37240,-0.366,-0.965,0.115,-18.992,-9.096,-33.618,101,134
37293,-0.322,-0.97,0.113,-12.985,-5.529,-35.763,101,137
37344,-0.379,-1.068,0.155,-13.649,-4.741,-36.42,100,135
37395,-0.434,-1.265,0.061,-7.975,-1.544,-32.115,99,139
37448,-0.5,-1.438,0.194,1.578,-7.346,-35.374,98,167
37495,-0.409,-1.415,0.16,11.794,-17.313,-22.534,95,55
37541,-0.192,-1.221,0.061,17.885,0.654,36.05,94,51
37587,-0.076,-0.624,0.132,19.809,14.424,33.244,92,58
37645,-0.024,-0.675,0.088,9.252,45.374,50.267,118,174
37698,-0.105,-0.89,0.103,14.954,48.221,45.649,92,179
37751,-0.098,-0.759,0.074,19.229,47.809,26.298,113,150
37806,-0.188,-0.763,0.169,9.511,33.382,13.153,113,178
37855,-0.347,-0.768,0.014,10.496,-20.124,-16.967,112,68
37909,-0.169,-0.792,0.059,7.802,14.532,-21.389,112,179
38004,-0.295,-0.919,0.129,6.445,19.618,-40.344,109,152
38057,-0.335,-0.951,0.181,-10.015,10.046,-37.366,108,152
38111,-0.386,-0.838,0.235,-9.58,10.868,-32.29,87,173
38166,-0.301,-0.995,0.151,-1.418,0.542,-32.183,83,170
38217,-0.365,-1.257,0.21,-7.427,30.164,-32.924,80,161
38268,-0.349,-1.388,0.158,-8.412,8.382,-24.763,75,152
38322,-0.451,-1.571,0.218,-11.443,0.737,-11.076,76,185
38375,-0.201,-0.794,0.155,4.439,-14.672,15.847,73,186
38428,-0.294,-0.741,0.065,-7.45,-29.427,51.634,77,187
38482,-0.133,-0.838,-0.035,4.688,-47.687,63.191,91,198
38536,-0.127,-0.712,-0.048,-6.015,-32.504,66.664,90,171
38590,-0.176,-0.739,-0.023,-13.198,-21.29,65.458,111,175
38647,-0.344,-0.795,0.038,-11.504,-38.069,47.863,108,178
38704,-0.176,-1.04,-0.059,-12.725,-49.13,19.588,105,0
38759,-0.235,-1.066,-0.018,-11.443,-32.893,-22.393,103,0
38809,-0.245,-0.97,0.028,-8.779,-22.893,-29.153,102,110
38864,-0.236,-0.861,0.114,-12.405,-29.038,-38.42,100,0
38906,-0.459,-1.161,-0.059,-16.252,-38.794,-43.084,99,0
38961,-0.285,-1.149,-0.014,-11.786,-28.237,-42.534,98,0
39016,-0.284,-1.164,0.169,-10.489,-14.847,-47.038,96,0
39074,-0.338,-1.421,0.228,-13.63,-37.613,-49.901,98,0
39130,-0.194,-1.351,0.194,8.494,-19.13,-32.748,92,0
39184,-0.21,-1.38,0.177,15.183,-5.943,-6.643,92,0
39239,-0.08,-0.837,0.056,31.466,12.713,26.336,94,0
39293,-0.068,-0.623,0.07,16.122,45.122,55.099,90,0
39350,-0.076,-0.947,0.08,19.29,48.099,56.389,107,0
39405,-0.089,-0.769,-0.037,26.427,58.122,41.321,110,0
39461,-0.123,-0.675,0.195,16.176,55.847,28.229,109,0
39517,-0.149,-0.741,0.167,12.13,28.374,24.257,108,0
39576,-0.175,-0.835,0.145,9.954,27.252,-13.489,108,0
39632,-0.299,-0.921,0.164,6.11,23.031,-36.992,107,0
39688,-0.333,-0.944,0.224,-5.695,3.646,-56.16,107,0
39743,-0.311,-1.056,0.25,-10.298,-32.909,-58.305,107,0
39798,-0.316,-1.036,0.25,-7.534,-13.878,-53.481,80,0
39853,-0.269,-1.12,0.153,-8.635,-6.412,-45.435,77,0
39906,-0.276,-1.22,0.177,-7.771,26.015,-31.122,82,0
39960,-0.399,-1.381,0.242,-15.878,32.182,-15.603,76,0
40014,-0.337,-1.471,0.152,-23.382,-23.389,-31.275,70,0
40072,-0.224,-0.762,0.043,-10.565,-20.551,29.168,67,0
40126,-0.126,-0.788,0.286,-7.634,-4.493,59.389,80,0
40180,-0.251,-0.898,0.056,-0.047,-28.931,66.443,90,0
40236,-0.138,-0.757,-0.017,-4.33,-17.061,67.252,88,0
40296,-0.115,-0.759,0.025,0.473,-3.774,68.649,0,0
40357,-0.184,-0.85,-0.022,3.934,-22.191,58.611,0,0
40419,-0.147,-1.027,-0.062,-7.368,-15.557,33.153,0,0
40466,-0.171,-0.958,-0.024,0.545,6.897,9.474,0,0
40534,0.01,-0.714,0.018,12.154,30.009,-13.611,0,0
40600,-0.288,-1.055,0.051,-9.511,-13.758,-43.519,0,0
40660,-0.331,-1.176,0.152,-9.481,7.437,-68.336,0,0
40706,-0.322,-1.401,0.154,-0.042,-14.203,-92.87,99,47
40803,-0.39,-1.449,0.309,7.166,-4.464,-72.695,99,0
40863,-0.167,-0.96,0.104,33.229,-16.46,-26.573,0,0
40918,-0.095,-0.555,0.213,29.71,20.779,29.137,95,0
40972,-0.102,-0.856,0.028,22.168,31.931,48.87,97,0
41032,-0.104,-0.8,0.034,27.794,63.206,73.954,0,0
41095,-0.188,-0.682,0.145,10.962,74.763,75.901,0,0
41155,-0.274,-0.705,0.179,8.939,33.901,53.176,0,0
41214,-0.216,-0.824,0.157,2.281,-4.271,24.875,0,0
41275,-0.155,-1.06,0.061,-6.901,-2.28,-34.832,0,0
41335,-0.215,-0.858,0.207,-15.267,20.86,-58.87,0,0
41396,-0.302,-0.891,0.229,-16.16,-4.535,-65.924,0,0
41453,-0.266,-1.025,0.194,-23.58,-21.191,-63.305,159,0
41513,-0.287,-1.135,0.21,-25.328,-13.788,-58.092,0,0
41572,-0.251,-1.249,0.174,-16.221,21.655,-43.756,156,0
41634,-0.376,-1.602,0.197,-22.588,-3.549,-33.229,0,0
41692,-0.163,-0.942,0.061,-6.191,-29.282,1.392,150,0
41749,-0.216,-0.878,0.141,-16.237,-32.13,43.687,147,0
41806,-0.18,-0.996,0.024,9.132,-46.901,67.336,145,0
41867,-0.141,-0.853,0.02,-2.466,-44.038,85.832,0,0
41927,-0.176,-0.835,0.004,3.522,-35.794,82.733,0,0
41988,-0.15,-0.77,-0.038,13.122,-37.015,64.977,0,0
42034,-0.074,-0.82,-0.124,6.188,-17.298,49.145,0,0
42094,-0.156,-0.817,-0.05,6.065,7.884,30.748,0,0
42143,-0.166,-0.941,-0.048,-0.61,-7.315,6.696,0,0
42190,-0.099,-0.816,-0.003,-6.924,7.435,-22.267,0,0
42236,-0.234,-1.053,-0.003,-14.74,-7.59,-40.229,0,0
42297,-0.185,-0.996,0.053,-15.015,-2.143,-57.443,0,0
42343,-0.036,-1.225,0.023,-14.214,32.775,-78.061,0,0
42390,-0.204,-1.354,0.042,-12.656,11.875,-84.702,0,0
42436,-0.194,-1.455,0.022,-10.069,42.58,-82.198,0,0
42497,-0.366,-1.406,0.312,-13.977,31.366,-70.786,0,0
42557,-0.324,-0.958,0.184,21.504,-7.185,-32.015,0,0
42620,-0.14,-0.699,0.179,19.015,-5.235,36.626,199,0
42680,-0.044,-1.027,0.012,20.565,15.391,53.198,197,0
42740,0.021,-0.798,0.036,32.863,61.779,53.275,195,0
42801,-0.074,-0.741,0.187,20.42,67.252,56.878,194,0
42861,-0.329,-0.777,0.181,17.931,27.763,37.282,0,0
42921,-0.126,-0.669,0.235,7.473,5.628,63.462,0,0
42982,-0.154,-0.961,0.068,-2.756,-5.847,-27.718,0,0
43041,-0.289,-1.038,0.023,-12.288,-7.675,-41.275,191,0
43102,-0.258,-1.042,0.072,-11.527,-1.567,-48.191,190,0
43164,-0.316,-1.04,0.214,-14.924,16.916,-41.206,189,0
43225,-0.306,-1.125,0.177,-8.099,24.29,-31.58,188,0
43284,-0.157,-0.953,0.258,-5.779,33.74,-13.443,187,0
43339,-0.226,-1.192,0.16,-14.557,41.832,-8.847,108,0
43395,-0.333,-1.331,-0.012,-24.565,-20.117,-16.372,105,0
43450,-0.099,-0.987,0.125,-27.573,-16.321,12.099,104,0
43504,-0.06,-0.957,0.124,-17.832,-3.909,24.733,101,0
43559,0.018,-1.142,-0.065,-8.008,-30.666,29.511,99,0
43614,-0.009,-1.003,0.028,-13.137,-1.507,34.374,98,0
43715,-0.028,-0.73,0.008,12.31,17.702,25.282,96,0
43769,0.048,-0.816,-0.122,7.176,27.832,28.328,93,0
43824,-0.012,-0.926,-0.11,18.466,63.046,24.382,92,0
43878,-0.114,-1.042,-0.133,23.153,87.702,16.557,91,0
43932,-0.229,-1.051,-0.044,18.321,76.015,-2.469,91,0
43986,-0.129,-0.913,-0.057,22.634,62.359,-18.824,92,0
44041,-0.165,-1.057,-0.095,24.924,65.74,-29.336,92,0
44096,-0.175,-0.914,-0.063,26.969,70.687,-30.313,93,0
44150,-0.129,-1.078,-0.145,46.718,107.214,-21.878,94,0
44208,-0.218,-1.13,-0.112,56.733,125.099,-16.229,95,0
44250,-0.273,-1.243,-0.106,62.046,129.328,-22.977,98,0
44300,-0.12,-0.793,-0.156,56.969,129.939,-12.099,12,54
44344,-0.137,-0.576,-0.061,41.748,152.221,2.091,36,67
44390,-0.283,-0.941,0.034,30.557,121.695,-4.203,89,60
44433,-0.166,-1.097,-0.069,44.496,87.107,-12.405,39,62
44476,-0.083,-0.969,-0.096,30.305,116.092,-24.992,40,56
44519,-0.16,-0.845,0.064,11.103,137.771,-24.435,41,51
44565,-0.344,-0.814,0.248,12.275,110.847,-25.023,43,47
44608,-0.284,-0.986,0.043,17.695,72.206,-32.672,44,45
44651,-0.184,-0.942,0.025,9.893,79.168,-41.718,47,43
44693,-0.223,-1.025,0.047,-0.373,99.496,-42.046,41,40
44735,-0.275,-0.986,0.102,-2.332,104.473,-33.458,43,38
44778,-0.363,-0.925,0.212,-9.435,80.0,-24.183,45,37
44820,-0.335,-1.144,0.178,-9.985,43.71,-18.198,46,35
44863,-0.192,-1.021,0.135,2.647,30.977,12.082,47,34
44905,-0.173,-0.892,0.083,2.676,36.0,14.87,49,33
44951,-0.119,-0.959,-0.017,3.392,63.763,22.84,48,33
44993,-0.131,-0.948,-0.002,14.542,84.679,23.672,51,32
45036,-0.275,-1.12,0.009,20.336,79.969,10.642,50,32
45078,-0.169,-1.106,-0.012,20.969,62.702,-3.171,51,32
45121,-0.132,-1.119,-0.062,19.786,67.298,-11.364,51,32
45164,-0.156,-0.863,-0.051,12.275,82.229,8.405,52,32
45207,-0.251,-0.995,-0.005,8.527,80.916,4.278,60,32
45250,-0.284,-1.044,0.019,7.786,64.046,-5.054,59,33
45293,-0.024,-0.769,0.001,28.632,50.466,-12.145,60,34
45339,-0.168,-0.958,-0.032,8.321,54.305,-15.214,64,35
45389,-0.158,-0.933,0.018,10.305,65.832,-15.802,64,144
45438,-0.282,-1.082,0.067,11.679,51.344,-14.588,60,145
45489,-0.297,-1.299,0.012,26.107,58.359,-15.252,60,152
45548,-0.205,-0.821,0.181,18.55,47.672,-14.45,0,154
45606,-0.18,-0.788,0.049,20.313,46.031,-13.007,0,156
45665,-0.192,-0.929,0.114,22.748,14.036,7.825,0,156
45723,0.044,-0.79,-0.073,29.687,53.481,22.658,0,156
45785,-0.18,-0.973,0.125,11.0,87.023,14.015,0,158
45845,-0.295,-0.872,0.263,15.794,34.916,2.13,0,0
45906,-0.105,-0.813,0.104,8.832,24.962,-10.298,0,0
45967,-0.199,-0.775,0.146,4.808,45.244,-2.156,0,0
46028,-0.241,-0.757,0.186,3.65,27.237,-1.256,0,0
46089,-0.333,-0.812,0.157,-8.421,-11.626,-12.374,0,0
46150,-0.291,-0.796,0.217,-8.351,6.628,-7.748,0,0
46254,-0.106,-0.662,0.18,4.185,4.135,17.458,0,0
46315,-0.168,-1.341,-0.021,10.508,24.944,24.565,0,198
46375,-0.257,-1.664,-0.045,22.267,23.45,15.756,0,199
46440,-0.258,-1.435,-0.019,-5.337,-28.546,-12.893,0,200
46501,-0.154,-1.004,0.046,10.561,23.412,11.344,0,0
46562,-0.337,-0.948,0.169,-6.107,19.443,-17.221,0,0
46623,-0.305,-0.77,0.169,5.41,-24.985,-35.191,0,0
46684,-0.281,-0.795,0.19,9.183,-38.565,-39.58,0,0
46745,-0.164,-0.832,0.056,14.855,-32.511,-33.275,0,0
46807,-0.163,-0.828,0.023,17.603,5.195,-11.336,0,0
46866,-0.238,-0.721,0.094,11.931,24.924,10.185,0,184
46926,-0.173,-0.498,0.067,8.214,20.771,30.626,0,184
46985,-0.133,-0.522,0.042,4.497,27.931,42.176,0,0
47045,-0.345,-1.32,0.188,-7.015,14.558,33.794,0,191
47107,-0.089,-1.485,-0.032,7.331,13.0,-9.542,0,193
47167,-0.296,-1.615,0.374,-40.153,18.16,21.321,0,0
47228,-0.174,-1.25,0.269,-14.542,-46.969,14.069,0,0
47290,-0.039,-0.979,0.179,-6.883,-15.664,-2.201,0,0
47350,-0.027,-0.741,0.042,14.084,41.908,14.534,0,0
47412,-0.282,-0.816,0.22,8.511,33.092,3.308,0,0
47466,-0.219,-0.792,0.163,1.974,-16.885,-10.26,0,79
47523,-0.18,-0.81,0.187,-5.885,-18.84,-10.779,0,83
47578,-0.179,-1.123,0.064,-10.399,-28.639,-14.015,0,70
47632,-0.183,-0.666,0.19,0.451,18.981,4.449,0,79
47691,-0.159,-0.719,0.079,-8.298,-0.25,3.291,0,70
47748,-0.232,-0.718,0.161,-6.855,19.504,16.389,0,68
47800,-0.347,-1.533,0.08,-23.214,-11.792,-2.844,0,69
47856,-0.068,-1.614,-0.063,26.743,-20.267,-14.878,0,78
47909,-0.183,-1.472,-0.155,10.147,24.984,-21.656,0,71
47965,-0.11,-0.82,0.122,21.217,51.458,26.779,0,77
48018,-0.34,-0.823,0.152,-12.916,47.061,18.305,0,72
48070,-0.483,-1.001,0.229,-4.489,-16.328,-7.611,0,70
48126,-0.238,-0.925,0.026,8.702,-48.466,-21.672,0,73
48180,-0.14,-0.939,-0.037,10.878,-13.168,-14.954,0,76
48233,-0.162,-0.791,-0.037,19.641,35.176,-0.549,0,79
48286,-0.274,-0.762,0.02,11.031,31.71,-0.889,0,74
48339,-0.31,-0.711,0.152,5.709,9.882,4.275,0,77
48392,-0.386,-0.677,-0.037,-4.064,-24.336,-5.346,0,64
48447,-0.115,-0.634,-0.031,4.229,-19.412,19.902,0,70
48499,-0.18,-0.851,0.004,2.619,9.607,13.13,0,64
48552,-0.39,-1.472,0.079,-0.597,-7.201,-16.901,0,65
48605,-0.177,-1.413,0.155,7.213,28.514,-7.939,0,69
48657,-0.245,-1.209,0.193,-28.374,22.855,31.13,0,66
48710,-0.402,-1.396,0.269,-24.511,-23.66,39.458,0,76
48763,-0.171,-1.119,0.096,-11.504,-25.183,3.338,5,22
48817,-0.036,-0.841,0.058,-5.794,20.58,13.023,0,74
48870,-0.24,-0.779,0.205,3.121,53.198,6.753,0,71
48925,-0.342,-0.809,0.213,7.821,8.522,-12.0,0,71
48978,-0.201,-0.823,0.207,10.697,-5.478,-24.153,0,75
49032,-0.088,-0.783,0.212,7.611,4.653,-26.359,0,78
49127,-0.134,-0.684,0.223,0.92,-14.679,-16.496,0,66
49180,-0.316,-0.606,-0.032,-9.34,-31.596,-31.385,0,61
49232,-0.106,-0.646,-0.022,10.576,33.618,14.137,0,67
49285,-0.319,-0.746,0.021,-6.527,39.763,26.321,0,66
49338,-0.442,-1.441,0.169,5.33,10.772,33.034,0,70
49390,-0.43,-1.92,0.021,7.366,-49.985,-14.504,0,64
49445,-0.085,-1.453,-0.164,-2.074,-31.901,-5.102,0,67
49499,-0.157,-1.333,-0.057,-14.473,28.344,11.931,0,62
49551,-0.402,-1.131,0.176,-17.359,26.445,5.842,0,69
49604,-0.295,-0.791,0.148,-7.206,-9.083,-6.302,0,65
49657,-0.029,-0.784,0.056,16.858,17.494,-15.076,0,76
49711,-0.271,-0.813,0.038,14.74,-3.89,-26.794,0,70
49764,-0.278,-0.938,-0.013,21.443,-9.625,-20.618,0,80
49817,-0.178,-0.802,-0.063,17.504,12.738,4.902,0,72
49870,-0.157,-0.756,-0.004,7.253,19.162,15.87,0,74
49926,-0.182,-0.798,-0.039,1.231,4.919,20.145,0,62
49978,-0.163,-0.744,0.009,8.582,21.212,16.073,0,65
50031,-0.159,-0.723,-0.033,8.595,-2.153,-3.818,0,69
50083,-0.174,-0.658,0.031,8.267,20.702,-1.816,0,62
50137,-0.345,-1.361,0.161,2.031,31.538,8.874,0,65
50189,-0.097,-1.267,0.045,9.33,63.804,-9.458,0,66
50242,-0.374,-1.497,0.279,-19.397,29.832,18.252,0,71
50294,-0.427,-1.345,0.267,-14.473,-25.695,20.854,199,70
50348,-0.236,-1.124,0.156,0.727,-41.87,15.695,196,71
50404,-0.043,-0.802,0.012,7.679,11.284,27.504,195,71
50456,-0.206,-0.736,0.188,9.546,42.519,30.817,192,75
50508,-0.298,-0.825,0.282,7.534,22.084,14.832,191,64
50561,-0.334,-0.822,-0.002,-2.744,-16.571,-12.405,189,61
50613,-0.226,-0.863,0.057,-0.041,-5.151,-12.87,188,67
50665,-0.276,-0.723,0.059,-2.119,-2.699,-10.649,186,64
50718,-0.213,-0.661,0.079,-1.873,7.646,0.084,184,78
50769,-0.259,-0.686,0.035,-2.894,-2.642,2.31,182,62
50820,-0.16,-0.692,0.024,1.129,27.436,9.46,181,33
50872,-0.276,-1.078,0.057,-7.573,27.397,0.061,180,31
50922,-0.413,-1.55,-0.026,-6.713,-20.641,-33.565,178,31
50971,-0.328,-1.543,0.017,0.367,-26.771,-35.038,177,31
51021,-0.185,-1.301,-0.052,-11.344,-25.574,-15.817,177,31
51070,-0.409,-1.35,0.122,-10.298,31.614,1.905,176,32
51121,-0.376,-1.104,0.099,-8.672,-10.193,-10.324,176,32
51170,0.001,-0.826,0.038,9.878,18.902,8.778,175,32
51219,-0.265,-0.761,0.024,-0.348,17.489,2.305,174,33
51269,-0.313,-0.853,0.043,4.302,2.771,-2.639,173,33
51321,-0.315,-0.985,-0.033,9.542,-9.73,-12.969,172,35
51371,-0.194,-0.902,-0.044,11.435,4.404,-14.412,170,36
51421,-0.1,-0.771,-0.039,14.686,13.92,5.379,169,37
51470,-0.332,-0.788,0.189,4.265,2.35,4.076,167,38
51519,-0.282,-0.817,0.059,0.224,-30.008,-1.279,165,40
51568,-0.17,-0.685,0.012,6.65,-22.817,11.933,163,42
51618,-0.156,-0.733,-0.019,7.832,12.041,23.12,161,45
51667,-0.207,-0.706,-0.005,15.863,26.466,14.107,158,48
51764,-0.177,-1.139,-0.034,3.908,19.449,19.191,154,53
51813,-0.193,-1.323,0.03,-9.893,21.076,20.878,152,56
51863,-0.518,-1.725,0.205,-11.733,24.962,9.568,150,61
51912,-0.268,-0.771,0.277,-10.382,9.412,18.44,148,63
51962,-0.398,-1.246,0.193,-10.351,-38.168,-1.704,146,60
52012,-0.06,-0.942,-0.047,4.914,-13.24,-6.646,145,61
52061,-0.165,-0.749,0.065,-0.441,44.069,4.019,143,61
52111,-0.291,-0.804,0.185,5.696,30.252,13.39,142,66
52160,-0.274,-0.772,0.167,7.766,8.735,5.02,140,69
52213,-0.144,-0.803,0.008,1.486,9.787,-13.405,138,69
52262,-0.186,-0.858,0.125,7.491,23.183,-16.229,137,71
52313,-0.273,-0.831,0.04,1.224,18.137,-15.603,135,71
52362,-0.264,-0.587,0.029,0.464,20.664,-2.976,133,64
52410,-0.199,-0.572,0.1,-1.029,20.45,14.649,131,58
52459,-0.138,-0.692,-0.08,-0.106,40.786,24.71,129,61
52507,-0.292,-0.93,0.039,-11.649,30.397,17.191,127,64
52556,-0.427,-1.784,-0.058,2.232,3.703,-9.122,126,59
52604,-0.439,-1.796,0.04,15.262,-38.443,-20.618,123,65
52657,-0.115,-1.468,-0.085,-12.282,-28.084,-17.351,122,71
52706,-0.322,-1.247,0.005,-10.748,-11.18,-11.244,121,66
52754,-0.232,-0.862,0.031,8.062,1.52,-10.84,120,68
52802,-0.221,-0.699,0.026,6.058,12.185,-6.825,119,62
52850,-0.224,-0.691,-0.033,18.16,33.557,-1.789,117,59
52899,-0.289,-0.735,0.043,21.405,25.168,3.574,116,69
52947,-0.43,-1.208,-0.078,22.351,-22.512,-12.109,34,21
52996,-0.092,-0.749,-0.141,24.229,25.565,9.906,112,74
53048,-0.259,-0.644,-0.026,15.656,52.916,2.716,111,69
53096,-0.271,-0.592,0.062,10.061,26.092,11.565,109,70
53143,-0.175,-0.623,-0.013,9.221,18.824,11.542,107,60
53190,-0.183,-1.01,-0.022,0.432,16.618,11.827,105,59
53238,-0.42,-1.613,0.155,8.763,35.314,-24.351,103,61
53285,-0.124,-1.349,0.081,17.779,25.656,-24.519,101,60
53332,-0.612,-1.874,0.383,-15.878,31.244,-25.649,100,63
53380,-0.233,-0.829,0.355,-6.458,-12.682,14.649,98,56
53427,-0.37,-1.072,0.257,-0.693,-9.558,45.313,97,64
53477,-0.171,-0.859,0.035,12.916,-6.323,22.473,95,62
53524,-0.143,-0.723,0.047,13.84,44.382,18.901,94,62
53571,-0.296,-0.833,0.338,27.267,48.985,31.963,93,72
53618,-0.333,-0.787,0.262,10.748,23.038,11.82,92,70
53665,-0.357,-0.967,0.016,-3.046,19.389,-12.084,91,66
53712,-0.001,-0.642,0.019,11.687,40.359,11.443,90,74
53760,-0.325,-0.86,-0.076,-1.704,54.595,-19.721,90,63
53808,-0.364,-0.802,0.336,3.376,42.466,4.009,89,75
53855,-0.339,-0.797,0.028,-1.821,37.702,-3.869,89,69
53905,-0.355,-0.731,0.096,-0.063,39.969,-2.268,88,68
53951,-0.272,-0.718,0.012,5.36,45.137,-2.864,86,65
53998,-0.287,-0.712,0.044,7.817,68.832,-4.274,87,67
54045,-0.33,-0.766,0.046,10.45,67.031,-12.389,84,66
54092,-0.406,-1.189,-0.012,-6.538,37.947,-15.588,84,83
54142,-0.513,-2.0,-0.108,17.008,-5.08,-42.687,83,116
54233,-0.157,-1.09,0.039,9.634,23.908,34.855,79,83
54288,-0.166,-1.016,-0.002,4.59,18.321,41.924,81,118
54343,-0.161,-0.812,-0.008,9.221,22.565,20.252,0,119
54394,-0.168,-0.764,0.014,15.244,41.13,27.975,80,122
54450,-0.151,-1.165,-0.079,28.718,22.695,-17.899,0,123
54506,-0.163,-0.906,-0.019,22.618,27.71,-15.679,0,125
54562,-0.149,-0.751,-0.113,22.038,47.573,-9.214,0,126
54618,-0.283,-0.796,-0.003,18.176,68.359,5.77,0,122
54673,-0.305,-0.989,-0.02,24.389,58.397,-16.046,0,111
54728,-0.308,-0.817,-0.004,16.427,55.107,-13.557,0,109
54784,-0.344,-0.853,-0.001,21.481,43.992,-22.985,0,110
54841,-0.371,-0.671,-0.01,21.252,59.565,-17.45,0,108
54896,-0.336,-0.677,0.03,29.252,66.817,-15.023,0,109
54951,-0.32,-0.719,0.04,25.527,45.794,-15.695,0,110
55007,-0.324,-1.185,0.026,15.916,46.756,-15.438,0,111
55062,-0.326,-1.332,0.153,8.344,32.443,-8.626,0,114
55117,-0.39,-1.367,0.289,-8.565,43.015,19.924,0,114
55173,-0.521,-1.462,0.298,-13.649,-15.885,-1.588,0,116
55228,-0.216,-0.734,0.134,7.672,-34.481,11.603,0,119
55284,-0.062,-0.838,-0.037,7.931,23.763,17.214,0,121
55343,-0.289,-0.729,0.15,9.832,46.626,20.901,0,123
55399,-0.344,-0.811,0.199,7.298,12.643,6.896,0,125
55455,-0.292,-0.947,0.039,-10.284,-23.0,-6.429,0,128
55511,-0.17,-0.859,0.06,-0.289,6.227,3.081,0,129
55567,-0.277,-0.741,0.184,-7.137,23.846,8.156,0,131
55624,-0.29,-0.801,0.157,-6.949,-14.389,-2.953,0,132
55681,-0.182,-0.748,0.052,8.336,-38.501,-14.24,0,135
55737,-0.115,-0.639,0.154,10.74,23.519,3.366,0,136
55794,0.018,-0.682,0.05,11.733,40.038,17.465,0,138
55854,-0.372,-1.079,0.195,-4.504,13.116,9.67,0,139
55911,-0.289,-1.594,-0.106,12.443,-14.084,-8.265,5,42
55967,-0.515,-1.884,-0.021,4.686,-20.802,-32.519,0,142
56025,-0.094,-1.067,-0.066,9.33,28.519,-4.69,0,142
56082,-0.423,-0.955,0.102,-7.733,78.458,-19.244,0,142
56139,-0.529,-0.668,0.287,-6.278,6.204,-11.084,0,143
56197,-0.345,-0.711,0.079,-9.534,-49.702,-12.779,0,145
56254,-0.212,-0.933,-0.104,-0.313,-35.863,-15.565,0,146
56311,-0.271,-0.926,-0.014,8.31,-18.13,-26.618,0,148
56372,-0.247,-0.887,0.037,0.379,-14.015,0.827,0,150
56429,-0.155,-0.922,-0.043,-16.412,-18.084,14.679,0,152
56483,-0.262,-0.86,0.057,-13.649,-8.932,16.206,0,83
56536,-0.412,-0.816,-0.11,-7.595,-21.427,-9.829,0,61
56589,-0.172,-0.687,0.03,6.916,-5.363,3.904,0,68
56642,-0.153,-0.584,0.033,12.618,12.298,3.385,0,80
56695,-0.121,-0.605,0.004,12.84,28.725,12.664,0,65
56748,-0.459,-1.762,0.022,3.971,13.391,-8.748,0,67
56801,-0.152,-1.166,0.033,13.763,-13.431,-20.145,0,66
56857,-0.454,-1.594,0.195,-33.046,-30.329,-8.672,0,66
56904,-0.158,-1.132,0.216,-27.351,-18.771,48.023,93,67
56951,-0.394,-1.204,0.208,-13.305,-14.374,38.962,90,74
57041,-0.153,-0.788,0.082,-8.69,18.595,27.023,87,82
57089,-0.267,-0.927,0.112,8.206,15.903,9.514,86,80
57142,-0.302,-1.152,-0.058,10.153,-47.181,-11.137,5,25
57195,-0.208,-0.838,0.075,3.783,-9.242,-18.176,0,66
57248,-0.337,-0.769,0.004,-6.812,-15.14,-20.998,0,64
57294,-0.184,-0.735,0.135,8.382,17.627,6.863,89,69
57351,-0.258,-0.651,0.042,11.832,-0.693,0.965,198,65
57404,-0.167,-0.649,0.147,9.038,24.603,14.412,196,76
57456,-0.265,-0.713,0.101,13.71,40.26,12.221,194,66
57508,-0.485,-1.474,0.271,8.753,29.605,-14.992,193,70
57562,-0.452,-1.725,-0.023,26.298,-24.908,-56.809,191,75
57615,-0.443,-1.763,-0.007,13.802,-53.534,-55.878,189,69
57668,0.017,-0.779,-0.019,18.74,5.076,7.302,187,80
57720,-0.269,-0.826,0.084,-26.756,41.107,49.916,186,73
57776,-0.359,-0.854,0.09,-12.389,16.112,32.275,185,64
57828,-0.265,-0.739,0.017,-9.695,-22.382,19.221,183,75
57878,-0.132,-0.859,-0.063,-12.71,-25.481,9.548,128,85
57931,-0.186,-1.14,-0.113,2.747,-23.695,-25.481,182,79
57984,-0.048,-1.16,-0.075,8.569,18.521,-23.145,181,83
58033,-0.341,-1.097,0.066,-28.061,-24.031,-13.374,115,73
58080,-0.231,-0.872,0.131,-37.008,-1.378,14.321,91,68
58128,-0.309,-1.15,0.033,-25.885,-25.462,18.542,113,64
58176,-0.292,-1.024,0.092,-7.397,-27.237,-1.684,109,81
58226,-0.147,-1.041,-0.028,-4.794,-15.389,-18.74,70,82
58275,-0.151,-0.975,-0.03,8.351,18.748,-15.359,114,82
58321,-0.216,-0.948,0.061,10.084,22.031,-13.153,70,79
58368,-0.145,-0.844,0.138,10.341,23.321,1.847,72,74
58413,-0.273,-1.018,-0.007,-2.334,-1.495,-4.75,66,75
58459,-0.316,-1.08,0.045,-0.962,1.426,0.799,67,75
58505,-0.21,-0.974,0.153,4.196,15.588,11.627,70,81
58553,-0.331,-0.9,0.157,1.532,18.915,15.412,94,81
58601,-0.374,-0.973,0.183,-0.636,-34.885,2.76,115,79
58650,-0.351,-1.039,0.048,-1.124,-76.26,-15.918,67,65
58695,-0.344,-0.781,0.287,6.719,-104.733,-12.099,72,73
58741,-0.262,-0.983,0.076,-5.84,-111.893,-9.87,66,76
58787,-0.244,-1.019,0.059,-9.153,-106.573,-4.87,61,72
58832,-0.167,-1.017,0.055,-8.733,-93.74,-0.709,59,72
58877,-0.154,-1.008,0.088,-9.303,-73.985,11.733,58,70
58923,-0.25,-0.981,0.193,-7.94,-73.557,19.863,57,67
58969,-0.173,-1.117,0.16,-5.088,-77.504,26.405,57,72
59017,-0.174,-0.948,0.184,2.953,-77.443,30.374,56,76
59062,-0.173,-0.974,0.17,1.594,-73.031,29.916,39,77
59106,-0.164,-0.959,0.151,-3.977,-68.74,27.237,37,79
59153,-0.166,-0.929,0.126,-6.527,-49.771,23.122,36,129
59199,-0.268,-0.947,0.211,-7.832,-53.206,21.672,36,100
59246,-0.21,-0.898,0.161,-9.893,-61.626,14.183,36,116
59291,-0.145,-0.862,0.166,-13.137,-55.771,26.855,38,98
59338,-0.226,-0.922,0.211,-11.489,-55.351,12.794,36,116
59385,-0.152,-0.88,0.202,-7.061,-58.664,12.176,36,115
59436,-0.251,-0.973,0.229,-5.527,-59.206,9.817,54,114
59526,-0.213,-1.02,0.241,3.528,-49.046,5.79,33,113
59572,-0.164,-1.039,0.222,8.763,-31.87,0.637,31,115
59618,-0.28,-1.06,0.295,8.023,-25.336,13.565,31,114
59664,-0.228,-0.95,0.297,8.435,-31.145,13.16,30,114
59710,-0.252,-1.013,0.325,-2.695,-43.366,13.573,30,114
59757,-0.146,-0.956,0.252,7.053,-37.382,5.801,30,115
59803,-0.174,-0.929,0.271,7.489,-21.038,9.736,29,115
59849,-0.175,-0.865,0.289,11.641,1.311,12.643,30,115
59908,-0.281,-0.961,0.36,7.397,-16.305,5.397,29,115
59957,-0.222,-0.906,0.325,5.518,-24.962,5.422,30,118
60006,-0.185,-0.856,0.325,3.81,-8.926,11.947,28,117
60054,-0.157,-0.795,0.358,2.701,7.389,16.573,29,118
60103,-0.287,-0.906,0.357,-6.87,-17.919,14.649,28,117
60152,-0.311,-0.863,0.384,-6.046,-21.359,16.405,29,117
60201,-0.318,-0.831,0.378,-8.656,-30.55,20.71,29,121
60251,-0.382,-0.843,0.398,-11.26,-40.061,21.786,29,125
60304,-0.387,-0.812,0.396,-15.115,-56.405,23.664,30,133
60353,-0.354,-0.859,0.384,-13.496,-53.244,31.321,30,126
60402,-0.398,-0.956,0.403,-13.145,-49.618,34.809,30,127
60452,-0.315,-0.932,0.365,-9.481,-40.412,39.244,30,128
60503,-0.418,-0.842,0.427,3.627,-38.344,42.473,30,137
60553,-0.425,-0.885,0.411,0.635,-55.916,33.282,31,134
60603,-0.366,-0.813,0.372,0.447,-68.588,27.557,32,146
60654,-0.33,-0.782,0.376,-4.12,-56.954,22.611,31,146
60706,-0.385,-0.842,0.422,-2.6,-51.321,19.611,31,177
60761,-0.385,-0.874,0.403,-4.551,-54.366,13.319,31,159
60819,-0.296,-0.791,0.412,-5.618,-38.863,25.008,29,172
60870,-0.275,-0.812,0.438,-6.573,-36.84,35.183,30,168
60921,-0.281,-0.789,0.469,-9.374,-49.969,42.321,30,172
60973,-0.267,-1.004,0.45,-18.466,-69.389,42.947,28,172
61018,-0.163,-0.801,0.374,-12.977,-69.015,40.641,28,72
61065,-0.127,-1.015,0.341,-8.809,-61.038,37.237,27,112
61108,-0.139,-0.97,0.359,-14.405,-48.557,28.473,28,41
61155,-0.15,-0.863,0.361,-18.809,-38.412,24.473,29,43
61199,-0.15,-1.023,0.386,-21.443,-28.458,19.183,27,53
61243,-0.175,-0.758,0.427,-22.176,-18.84,14.023,28,60
61286,-0.149,-0.78,0.476,-21.344,-17.771,26.047,30,25
61329,-0.282,-0.896,0.488,-20.473,-26.595,11.656,29,25
61372,-0.269,-1.017,0.494,-16.366,-34.878,12.183,30,25
61414,-0.3,-0.944,0.47,-11.718,-40.069,13.489,30,25
61457,-0.354,-0.861,0.449,-6.26,-38.473,11.611,30,24
61499,-0.202,-0.836,0.45,-4.007,-35.992,12.776,30,12
61544,-0.189,-0.841,0.449,-0.784,-33.298,16.731,30,11
61586,-0.117,-0.835,0.456,2.28,-33.557,11.824,30,12
61628,-0.036,-0.835,0.454,4.979,-25.466,12.145,30,11
61672,-0.28,-0.836,0.485,-5.208,-28.45,14.427,52,12
61715,-0.175,-0.845,0.49,-7.085,-32.656,16.519,51,11
61757,-0.163,-0.849,0.493,-5.921,-31.55,14.481,29,13
61799,-0.144,-0.836,0.496,-0.642,-31.038,14.191,29,12
61846,-0.262,-0.817,0.511,-5.751,-35.534,15.595,29,102
