Timestamp(ms),AccelX(g),AccelY(g),AccelZ(g),GyroX(deg/s),GyroY(deg/s),GyroZ(deg/s),DistanceLeft(cm),DistanceRight(cm)
32596,0.227,-0.825,-0.2,-9.662,63.641,-67.13,36,81
32641,-0.004,-0.745,0.091,10.885,89.26,-117.725,36,74
32685,-0.395,-0.701,0.225,28.031,59.031,-80.053,49,70
32728,-1.648,-0.951,-0.082,92.962,54.099,-93.977,45,58
32771,-2.0,-0.857,-0.268,111.466,116.237,-150.702,39,63
32821,-2.0,0.001,-0.012,104.931,123.893,-100.527,152,65
32865,-1.524,0.311,-0.026,74.267,53.023,-67.763,51,73
32919,-0.874,0.738,0.029,56.023,4.897,-48.328,149,97
32965,-0.543,1.272,0.167,6.42,-14.619,-14.125,51,98
33009,-0.743,1.185,0.168,-74.412,-23.785,73.061,52,64
33053,-1.298,0.697,0.021,-149.458,-24.996,184.198,51,76
33099,-2.0,-0.033,-0.439,-183.702,-37.313,225.824,43,92
33150,-2.0,-0.877,-0.836,-151.321,-99.45,188.435,149,94
33196,-1.672,-0.759,-0.613,-99.237,-95.939,142.641,37,99
33242,-0.709,-0.578,-0.462,-79.458,-37.934,96.221,44,105
33291,-0.169,-0.61,-0.411,-55.626,-7.086,5.222,45,110
33337,0.236,-0.607,-0.179,-38.266,20.611,-39.618,42,113
33383,0.553,-0.472,-0.129,-12.072,30.969,-71.855,39,109
33429,0.11,-0.381,-0.15,9.71,133.229,-75.733,43,105
33477,-1.836,-0.261,-0.026,66.168,133.16,-53.481,123,70
33526,-2.0,-0.179,-0.384,79.527,-5.825,-88.626,126,67
33574,-1.874,0.121,-0.096,15.832,-40.023,-7.125,126,67
33624,-0.976,0.09,0.047,-3.916,-33.939,-18.29,122,72
33670,-0.568,0.233,0.206,19.191,-53.435,-26.366,49,103
33720,-0.29,0.351,0.171,30.626,-70.74,-32.473,47,116
33766,-0.266,0.752,0.105,32.78,-67.496,-26.328,50,104
33811,-0.595,0.944,-0.252,-100.626,-35.882,22.945,47,93
33857,-1.729,0.922,-0.803,-172.435,68.038,72.916,47,97
33907,-2.0,0.187,-0.999,-184.786,54.969,73.435,124,95
33955,-2.0,-0.286,-0.725,-163.282,-41.327,64.672,120,73
34004,-1.097,-0.37,-0.471,-146.87,-39.938,59.496,115,76
34054,-0.449,-0.423,-0.113,-128.817,-33.07,41.351,112,83
34112,0.192,-0.651,-0.046,-86.107,-67.977,2.329,109,0
34160,0.516,-0.536,-0.22,-7.664,-49.809,-24.099,39,157
34209,-0.195,-0.511,-0.142,43.084,-18.417,-67.466,43,154
34255,-1.975,-0.526,-0.211,76.893,29.786,-144.886,45,101
34306,-2.0,-0.219,-0.509,43.656,192.122,-95.45,117,100
34358,-2.0,0.117,0.307,-19.019,54.519,-12.867,51,0
34399,-1.055,0.227,-0.005,-12.783,-79.153,-32.519,107,0
34450,-0.617,0.298,-0.04,-5.061,-66.13,-22.16,104,135
34497,-0.301,0.537,0.131,-26.46,-48.603,-9.959,46,105
34546,-0.31,0.691,0.009,-66.015,-67.237,14.496,47,104
34592,-0.523,0.909,-0.561,-153.802,-59.748,45.214,45,102
34642,-1.434,0.827,-1.49,-227.031,84.725,74.183,116,101
34690,-2.0,-0.296,-1.433,-250.137,33.359,60.435,50,110
34735,-2.0,-0.678,-1.177,-250.137,-69.511,84.519,47,94
34781,-1.085,-0.673,-0.812,-228.641,-0.235,47.183,48,97
34827,-0.664,-0.549,-0.413,-185.649,29.145,33.137,45,101
34882,-0.29,-0.528,-0.106,-132.099,19.763,14.886,102,0
34923,0.159,-0.523,-0.053,-64.054,-39.583,-34.122,36,0
35016,-0.362,-0.374,-0.022,10.771,-46.429,-82.847,113,101
35062,-1.924,-0.306,-0.415,35.74,51.878,-113.221,49,95
35115,-2.0,0.145,-0.571,-35.703,138.641,-19.801,50,0
35167,-2.0,0.333,-0.01,-85.595,1.71,49.665,51,0
35218,-1.319,0.355,-0.265,-98.053,-215.015,60.015,121,127
35265,-1.052,0.085,0.183,-67.489,-250.137,82.229,45,109
35309,0.065,0.012,-0.45,4.478,-250.137,44.374,31,82
35355,1.517,0.212,-1.465,12.42,178.702,15.596,33,45
35405,-0.674,1.187,-2.0,-87.542,250.13,158.45,113,101
35456,-2.0,-0.357,0.684,-200.153,68.16,52.527,118,97
35504,-1.667,0.456,-0.965,-171.427,-250.137,-32.481,116,73
35548,-0.303,-0.176,-0.798,-70.0,-234.603,-88.382,36,71
35593,0.546,-0.071,-1.032,-6.351,250.13,-83.053,44,67
35641,-2.0,-0.505,-0.436,-3.779,250.13,1.069,117,73
35690,-2.0,-0.212,0.431,-80.435,-250.137,-6.761,113,84
35734,0.531,-0.411,-0.774,-62.855,-250.137,20.036,44,56
35782,1.406,0.009,-0.738,38.725,250.13,47.985,45,83
35832,-2.0,-0.279,-0.554,96.855,250.13,54.573,116,88
35877,-2.0,0.168,0.311,55.282,-250.137,-63.16,46,80
35921,-1.349,0.211,-0.185,-1.977,-250.137,-49.26,33,73
35965,1.163,0.272,-0.655,-17.05,-124.931,-39.863,31,73
36009,0.635,0.751,-1.284,19.305,250.13,20.5,32,79
36059,-1.464,1.081,-1.05,-19.791,250.13,82.458,115,88
36109,-2.0,0.201,1.228,-122.74,-102.107,11.842,117,92
36158,-1.649,0.436,-0.881,-156.092,-250.137,58.214,38,87
36202,0.364,-0.146,-1.487,-102.886,-123.725,80.641,31,85
36248,-0.553,0.12,-1.817,-85.336,250.13,79.435,46,90
36300,-2.0,-0.849,0.982,-4.733,250.13,-26.863,148,99
36353,-1.975,0.009,0.075,-2.603,-250.137,-76.985,143,101
36398,0.254,0.065,-1.055,-64.206,-250.137,-120.282,33,100
36443,1.697,-0.232,-1.188,-61.885,142.176,-95.504,32,77
36493,-0.071,-0.241,-1.048,-53.884,250.13,29.832,144,74
36545,-2.0,-1.554,0.288,63.527,250.13,43.29,148,94
36598,-2.0,-0.571,-0.367,69.389,-250.137,3.061,147,71
36649,-0.582,0.081,-0.366,43.084,-250.137,-78.145,146,74
36694,0.728,0.461,-1.089,27.954,250.13,-30.382,33,74
36741,-0.797,0.899,-1.146,36.603,250.13,51.061,47,100
36798,-2.0,0.567,0.839,48.313,250.13,80.87,147,0
36842,-1.974,0.361,-0.032,-2.679,-250.137,-59.107,146,0
36886,-1.201,0.623,-1.729,-86.221,-250.137,-36.855,11,17
36929,0.727,0.341,-2.0,-128.565,69.641,141.397,33,59
36984,-1.979,-0.247,-2.0,-183.916,250.13,119.45,148,93
37037,-2.0,-0.823,0.543,-24.095,184.71,-26.244,150,96
37089,-2.0,0.143,-0.811,-8.708,-250.137,-127.931,142,100
37136,-0.034,-0.033,-1.646,-44.28,-250.137,-158.794,36,108
37192,2.0,0.342,-1.191,-26.539,126.069,-41.847,0,110
37238,-1.14,0.058,-0.9,-40.163,250.13,166.557,51,102
37291,-2.0,-0.559,1.99,-7.339,-3.991,78.214,142,99
37337,-2.0,-0.25,-0.759,26.733,-250.137,10.423,33,103
37388,0.009,0.1,-0.462,-9.37,-250.137,-2.293,32,136
37477,-0.269,0.33,-1.049,-88.802,250.13,38.053,31,108
37531,-1.907,0.109,-0.647,-34.778,250.13,29.221,141,128
37590,-2.0,0.349,1.232,-5.847,-199.634,-41.267,141,0
37627,-1.245,0.559,-0.959,-56.71,-250.137,-37.664,35,0
37673,0.544,0.421,-1.652,-120.756,-250.137,-5.159,33,112
37721,-0.087,0.75,-2.0,-182.13,250.13,129.595,36,105
37773,-2.0,-0.999,-1.317,-150.603,250.13,15.337,149,102
37825,-2.0,0.069,-0.634,-123.214,-250.137,-61.282,146,96
37871,-0.891,0.026,-1.242,-130.656,-250.137,-32.55,32,39
37917,0.865,-0.067,-1.154,-130.473,-222.908,8.933,31,97
37962,0.929,-0.005,-1.269,-107.328,250.13,37.756,32,102
38009,-1.614,-0.183,-0.828,-95.435,250.13,82.42,45,102
38062,-2.0,-0.163,0.723,-148.176,-234.511,59.099,141,102
38110,-1.25,-0.356,-0.885,-121.519,-250.137,80.42,30,141
38158,1.31,-0.351,-1.354,-75.214,108.87,47.412,30,134
38205,-1.751,-0.001,-1.393,-96.359,250.13,101.931,45,99
38260,-2.0,0.21,1.352,-81.053,-89.977,-47.244,143,102
38306,-1.401,0.312,-0.662,-68.634,-250.137,-39.008,33,106
38351,1.339,0.067,-1.539,-58.008,-207.771,-94.756,30,82
38398,0.396,0.395,-0.84,-40.55,250.13,25.356,30,118
38456,-1.611,0.376,-1.068,-92.511,250.13,93.87,141,200
38508,-2.0,0.296,1.036,-114.45,-250.137,14.958,134,99
38552,-1.123,0.555,-1.344,-148.282,-250.137,59.87,31,62
38596,0.667,0.189,-1.264,-149.779,-119.511,98.137,30,58
38642,-1.212,-0.034,-0.587,-147.893,250.13,88.931,30,56
38692,-2.0,-0.22,1.089,-95.427,31.344,-68.061,33,57
38734,-1.062,0.008,-0.155,-73.351,-229.298,-82.565,31,54
38777,0.549,-0.057,-0.797,-88.603,40.702,-59.473,32,56
38820,0.204,-0.378,-1.119,-77.0,250.13,-29.053,47,60
38872,-1.233,-0.519,-0.464,-52.901,250.13,-11.06,145,96
38922,-2.0,-0.059,1.043,-16.28,-250.137,-0.078,130,85
38964,-1.393,-0.218,-1.149,-33.627,-250.137,-17.526,37,56
39016,0.547,-0.341,-0.937,-10.227,-104.687,30.224,148,48
39064,-0.656,0.313,-1.266,-17.653,250.13,106.672,146,54
39112,-2.0,-0.247,1.118,14.137,250.13,35.985,79,101
39159,-2.0,0.036,0.438,41.931,-250.137,-8.872,70,101
39207,-0.174,0.479,-0.77,24.603,-250.137,-42.992,142,56
39250,0.975,0.485,-0.876,-13.9,76.626,-12.144,44,58
39293,-0.982,0.481,-0.203,-54.999,250.13,126.282,38,63
39341,-2.0,0.05,0.673,-94.977,-65.229,78.26,68,91
39383,-1.124,0.074,-0.523,-86.267,-202.756,-29.244,32,55
39429,-1.872,-0.109,-0.335,-94.084,-21.418,50.481,31,60
39472,-1.703,-0.208,0.19,-92.405,-2.979,73.489,30,66
39515,-0.586,-0.302,0.22,-62.847,-45.588,7.47,29,73
39558,0.76,-0.235,-0.488,-34.854,188.16,-52.901,30,72
39608,0.098,-0.329,-0.604,13.214,250.13,-91.534,139,78
39654,-2.0,-0.467,0.994,73.191,146.046,-36.29,60,99
39700,-2.0,-0.247,-0.12,28.244,-250.137,13.829,73,68
39743,-1.219,-0.479,-1.169,40.519,-250.137,19.378,31,65
39797,1.014,-0.282,-1.084,41.901,24.382,-23.887,174,71
39886,-2.0,-0.299,1.149,97.656,250.13,11.724,60,99
39937,-2.0,0.046,0.428,84.832,-250.137,-61.863,117,98
39979,-0.255,0.552,-1.077,18.092,-250.137,-98.29,35,43
40027,1.624,0.588,-1.409,-15.904,161.206,-68.916,144,47
40079,-1.078,0.68,-0.81,-101.206,250.13,129.863,146,95
40128,-2.0,-0.453,0.671,-100.321,-143.412,39.649,112,95
40174,-1.874,0.153,-1.13,-81.191,-250.137,44.481,42,98
40216,0.09,-0.311,-0.912,-62.061,-160.13,18.835,30,58
40264,0.094,0.056,-0.841,-34.336,250.13,34.289,32,99
40313,-1.561,-0.301,-0.061,-1.704,250.13,-31.916,123,72
40361,-2.0,-0.109,1.16,41.718,-250.137,-125.504,122,71
40406,-0.668,0.039,-1.158,-12.302,-250.137,-66.977,38,79
40450,1.639,-0.276,-1.833,4.107,-41.209,-18.533,35,63
40499,0.014,0.211,-1.015,-3.588,250.13,99.435,121,98
40548,-2.0,-0.92,1.199,52.718,191.069,30.74,123,67
40594,-2.0,-0.509,-0.433,106.473,-250.137,-0.944,51,96
40643,0.202,0.151,-1.16,61.076,52.021,-11.283,47,98
40693,-0.651,0.514,-0.904,14.023,250.13,44.71,121,111
40745,-2.0,0.24,0.935,68.092,181.031,19.435,59,0
40797,-1.555,0.373,0.323,57.023,-250.137,-76.908,121,103
40841,0.058,0.786,-1.401,-46.528,-250.137,-75.611,36,87
40886,0.213,0.575,-1.753,-119.802,250.13,123.824,36,83
40942,-2.0,0.381,-2.0,-207.26,250.13,161.366,123,0
40984,-2.0,-0.275,-0.161,-115.527,-123.137,-35.634,124,0
41034,-2.0,0.184,-0.41,-79.389,-250.137,-127.359,121,99
41078,-0.209,0.037,-1.297,-129.473,-250.137,-138.893,42,103
41124,0.938,-0.182,-1.14,-142.954,177.771,-2.97,35,104
41171,-0.374,-0.175,-0.957,-135.466,250.13,75.687,51,103
41221,-2.0,-0.531,1.325,-65.847,155.74,48.863,109,102
41271,-1.766,-0.267,-0.198,-68.244,-250.137,-4.077,106,100
41316,0.029,-0.482,-1.707,-30.699,-226.649,11.561,33,101
41366,-0.374,0.181,-1.792,-58.107,250.13,113.176,121,97
41426,-2.0,-0.021,-0.538,-47.244,250.13,37.985,0,0
41472,-2.0,0.257,0.588,-0.405,-250.137,-63.229,104,0
41519,-1.285,0.563,-1.084,0.083,-250.137,-112.176,44,112
41565,0.995,0.364,-1.366,-61.542,-250.137,-86.099,31,118
41611,0.196,0.591,-1.023,-117.557,250.13,100.107,36,109
41661,-2.0,0.055,0.134,-172.122,250.13,114.733,103,106
41707,-2.0,0.517,-0.5,-202.237,-250.137,54.214,45,100
41761,0.037,0.208,-1.877,-167.351,-250.137,39.878,196,103
41807,-0.752,-0.323,-1.953,-140.672,250.13,-3.071,44,98
41857,-2.0,-0.632,0.598,-112.107,250.13,-46.595,103,25
41906,-2.0,0.009,0.419,-108.84,-250.137,-53.237,101,103
41952,-0.327,0.184,-0.921,-133.13,-250.137,-23.473,34,106
41998,1.404,-0.12,-1.459,-108.435,-103.313,-8.773,29,124
42044,-0.412,0.038,-0.407,-86.13,250.13,84.435,38,109
42090,-2.0,-0.677,1.701,-52.71,-142.542,29.412,36,99
42135,-1.911,-0.144,-0.61,-36.203,-250.137,-9.581,30,101
42181,0.669,-0.046,-0.792,-40.334,-118.71,-21.557,27,105
42229,-0.318,0.195,-0.886,-53.552,250.13,17.225,30,100
42328,-2.0,0.384,1.6,-4.78,49.237,-38.198,109,0
42370,-1.44,0.587,-0.588,-81.886,-250.137,-41.26,108,0
42421,0.078,0.499,-1.323,-114.985,-250.137,-12.633,120,99
42471,0.953,0.274,-1.313,-138.275,170.573,51.359,122,102
42517,-2.0,0.195,-1.892,-184.023,250.13,138.634,43,93
42567,-2.0,-0.404,0.938,-124.916,-47.226,-26.511,123,91
42613,-1.755,0.118,-0.654,-74.0,-250.137,-55.397,39,91
42662,0.682,-0.22,-1.115,-90.145,-139.473,-110.244,122,28
42704,0.348,-0.191,-1.119,-57.015,250.13,-61.206,31,29
42755,-1.622,-0.515,-0.781,-14.282,250.13,1.382,121,96
42803,-2.0,-0.124,0.74,2.244,-240.221,-8.573,122,64
42847,-1.087,-0.355,-0.997,-5.336,-250.137,-2.556,40,63
42889,0.827,-0.428,-1.562,-6.748,-79.389,-56.115,44,28
42935,-0.165,0.083,-1.499,-25.91,250.13,77.237,46,95
42993,-2.0,-0.864,0.753,38.985,250.13,31.435,152,0
43036,-2.0,0.012,-0.07,47.87,-250.137,-22.145,120,0
43081,0.364,0.228,-1.069,22.603,-250.137,-82.496,33,44
43124,1.319,0.502,-1.188,1.939,250.13,-39.74,33,44
43174,-0.491,0.531,-1.04,-44.787,250.13,82.137,126,96
43227,-2.0,-0.249,2.0,-26.657,83.733,29.245,153,93
43271,-2.0,0.187,-1.553,-86.611,-250.137,28.29,38,68
43316,-0.06,-0.343,-1.676,-92.069,-250.137,61.489,43,73
43361,-0.284,-0.154,-1.486,-84.206,250.13,102.695,37,89
43412,-2.0,-0.741,-0.434,-32.322,250.13,20.5,119,95
43465,-2.0,-0.07,0.761,30.84,-250.137,-91.328,117,86
43510,-0.206,0.208,-1.287,-38.973,-250.137,-131.008,37,93
43556,1.766,-0.171,-1.677,-32.589,118.099,-71.71,44,91
43608,-1.129,-0.303,-0.343,-21.697,250.13,134.069,146,86
43659,-2.0,-1.128,0.914,71.038,-190.573,15.508,149,84
43705,-0.613,-0.836,-0.611,103.939,-209.74,-123.275,50,87
43757,-0.083,0.125,-1.05,72.695,250.13,-10.554,152,82
43805,-2.0,-0.158,-0.353,33.565,250.13,41.275,153,15
43856,-1.734,0.269,0.122,29.847,-97.786,16.169,152,84
43912,0.084,0.619,-0.809,4.328,26.841,17.088,149,95
43964,-2.0,0.285,1.123,-56.929,-189.977,31.893,149,89
44008,-1.156,0.075,-0.537,-82.084,-250.137,55.313,35,66
44058,0.353,0.299,-0.968,-82.252,-250.13,27.824,148,69
44102,-1.857,-0.454,0.337,-98.672,74.237,23.479,34,67
44153,-1.685,-0.498,0.259,-112.107,-78.802,-58.336,149,69
44197,-0.058,-0.383,-0.621,-101.824,188.931,-46.458,38,70
44242,-1.942,-0.68,0.725,-82.382,139.656,16.463,41,74
44291,-0.26,-0.313,-0.011,-31.713,-109.687,-43.626,39,74
44342,1.042,-0.154,-0.759,28.733,151.145,5.921,143,79
44394,-1.331,-0.137,0.648,7.969,197.611,69.603,146,96
44438,-2.0,-0.931,-0.45,1.191,-250.137,-38.611,39,65
44482,-0.363,-0.93,-1.05,57.015,-99.672,-34.389,37,60
44526,-1.175,-0.07,-0.34,42.664,250.13,90.031,37,68
44578,-2.0,-0.232,0.93,30.45,132.618,27.787,147,96
44623,-0.957,-0.101,0.362,84.786,-189.618,-24.672,46,76
44672,0.568,0.531,-0.515,93.817,-10.461,-67.649,48,67
44762,-1.21,0.257,0.613,-58.695,-250.137,-65.634,50,98
44816,-0.812,-0.083,-0.16,-54.779,-250.137,-104.511,0,72
44881,-1.035,-0.113,0.126,-80.58,-167.435,-81.603,0,181
44939,-1.052,-1.668,0.377,-210.664,-137.076,-164.168,0,146
44997,0.607,-1.897,-0.789,-134.023,191.756,-228.427,188,176
45054,-1.513,-1.057,0.458,-24.718,250.13,-59.489,185,152
45112,-1.592,-0.255,0.753,-47.973,-250.137,13.089,176,187
45165,1.376,-0.474,-1.313,27.031,-250.137,-54.038,166,102
45221,0.249,-0.568,0.008,10.542,202.313,40.282,159,123
45274,-1.2,-2.0,0.967,-6.656,-71.748,80.374,153,110
45326,0.534,-1.811,-0.472,29.229,-74.13,30.954,149,99
45377,-0.943,-0.83,0.873,-55.087,87.58,57.718,141,100
45425,-1.132,-0.861,0.593,-42.722,-250.137,30.969,137,58
45478,1.521,-0.519,-0.702,-22.683,-173.229,-21.076,0,68
45534,-0.542,0.172,0.549,-59.626,250.13,35.71,0,65
45581,-2.0,-0.558,1.107,-21.583,-250.137,17.776,118,35
45636,-0.396,-1.25,-0.598,-17.106,-250.137,-11.282,180,86
45689,-1.357,-1.625,0.567,-2.504,-250.137,28.618,0,78
45743,-0.11,-1.944,-0.748,13.16,-250.137,42.458,0,79
45797,1.722,-1.035,-1.507,25.504,250.13,36.725,0,85
45850,-1.865,-0.78,0.948,-54.023,250.13,125.16,0,88
45904,-0.667,-0.898,0.107,3.23,-250.137,28.573,0,96
45959,0.969,-0.306,-0.78,25.198,-188.366,-36.115,0,88
46013,-0.322,-0.759,0.442,30.519,-74.122,40.366,0,94
46068,0.463,-1.909,-0.418,45.023,-48.573,6.014,0,113
46128,-0.603,-0.8,0.602,-34.068,246.076,105.817,0,127
46184,-0.958,-1.401,0.591,-27.664,-174.466,80.901,0,127
46229,0.793,-0.585,-0.23,-22.809,14.008,45.318,30,109
46284,-0.446,-0.64,0.134,-66.443,187.687,59.145,0,109
46338,-1.31,-0.286,0.853,-52.702,-213.893,15.326,0,78
46382,0.524,-0.234,-0.525,-54.482,-173.229,19.479,30,77
46435,-0.015,-0.207,0.044,-61.511,78.565,94.573,0,81
46491,-1.918,-1.836,0.759,-64.344,-230.84,44.374,0,122
46544,0.586,-2.0,-1.084,-6.87,-239.786,-82.725,0,27
46603,0.437,-0.826,-0.746,-57.364,250.13,-35.748,0,92
46657,-2.0,-1.274,1.115,-26.299,36.618,13.04,0,101
46708,-0.379,-0.481,-0.173,-16.344,-250.137,-8.128,0,28
46772,1.082,-0.242,-0.792,10.672,-45.328,14.62,0,0
46819,-1.361,-1.003,0.61,-17.678,137.214,64.29,0,0
46855,-1.699,-1.768,0.391,16.229,-250.137,47.458,0,19
46905,-0.185,-1.879,-0.954,37.573,-250.137,21.201,0,21
46959,1.899,-1.165,-1.074,36.626,169.557,44.626,0,24
47013,-0.943,-0.753,-0.357,3.26,250.13,84.481,0,41
47069,-2.0,-0.374,1.737,-6.057,-45.939,-22.496,0,35
47109,-0.449,-0.219,-0.143,-4.633,-250.137,-58.16,28,22
47150,1.2,-0.021,-0.666,-3.168,-143.275,-44.58,30,19
47190,0.465,-0.141,-0.341,-20.396,244.748,37.496,29,28
47241,-1.83,-1.643,0.445,-17.584,250.13,62.031,0,30
47296,-1.947,-1.723,0.479,-3.45,-250.137,6.406,0,44
47348,0.564,-1.502,-0.946,-7.298,-250.137,-34.695,0,61
47446,-0.896,-0.745,-0.049,-45.066,250.13,32.885,0,34
47500,-1.562,-0.399,1.281,18.313,-158.137,-43.282,0,25
47551,0.391,-0.311,-0.592,53.618,-250.137,-57.779,0,26
47605,0.936,-0.324,-0.598,63.29,154.55,16.762,0,25
47656,-1.258,-1.903,0.971,-8.089,147.061,86.351,0,36
47711,-0.139,-1.964,-0.035,76.763,-25.428,-5.951,0,25
47762,0.27,-0.798,-0.693,30.489,250.13,-19.695,0,32
47816,-2.0,-0.709,1.546,-30.058,193.191,-26.061,0,38
47867,-1.033,-0.389,0.035,18.992,-250.137,-48.374,0,31
47921,1.028,0.049,-0.62,-18.676,-116.031,-37.802,0,21
47976,-1.099,-0.164,0.659,-33.686,76.664,61.076,0,25
48017,-1.029,-1.661,0.068,6.076,-250.137,7.092,36,18
48067,0.749,-1.322,-0.609,21.794,1.161,-50.527,5,6
48124,-1.021,-1.486,0.03,-60.947,250.13,53.183,0,85
48176,-1.319,-1.264,0.634,-55.16,-140.603,12.917,0,36
48231,0.729,-0.993,-0.561,-33.822,-127.038,-80.519,0,36
48282,0.139,-0.183,-0.178,16.137,250.13,-82.664,0,39
48337,-2.0,-0.295,1.446,27.84,-135.87,-59.359,0,47
48393,-0.237,-0.783,-0.651,51.817,-250.137,7.546,0,38
48448,1.67,-1.792,-1.0,73.092,100.229,15.236,0,38
48500,-0.561,-1.384,-0.401,20.252,250.13,148.672,0,51
48557,-2.0,-1.124,1.459,48.13,158.061,27.997,0,60
48609,-0.707,-0.432,0.162,16.389,-250.137,-57.641,0,52
48664,0.815,-0.073,-0.491,-17.09,53.649,-53.992,0,55
48717,-0.592,-0.023,-0.207,-58.192,250.13,50.718,5,19
48774,-2.0,-0.355,0.975,17.817,-61.489,32.482,0,63
48831,-1.645,-0.743,-0.72,-70.725,-250.137,42.015,0,75
48884,0.359,-2.0,-1.378,-94.405,-202.008,-9.107,0,74
48940,-0.111,-1.907,-0.754,-52.758,250.13,-1.799,0,93
48995,-2.0,-1.058,1.036,-22.306,136.13,-28.031,0,100
49050,-0.811,-0.391,0.146,-40.935,-250.137,-19.023,0,112
49105,1.106,-0.672,-0.921,6.588,-107.16,-48.893,0,88
49161,0.228,0.074,-0.05,32.0,250.13,59.588,0,112
49216,-2.0,-1.624,1.253,-23.993,-87.496,70.924,0,102
49270,-0.874,-1.926,-0.53,20.45,-250.137,19.893,0,79
49329,1.63,-1.204,-1.367,5.0,70.916,31.573,0,95
49385,-1.127,-0.857,-0.435,-22.375,250.13,79.328,0,130
49440,-2.0,-0.43,1.415,15.29,-144.191,-38.779,0,101
49497,-0.554,-0.076,-0.363,-24.958,-250.137,-43.489,0,102
49552,0.561,-0.085,-0.625,-46.328,-76.374,9.414,0,110
49604,-0.94,-0.634,-0.052,-47.038,128.206,74.634,119,120
49654,-2.0,-1.621,0.378,-86.374,-250.137,28.061,109,112
49716,-0.715,-1.857,-0.84,-80.244,-250.137,38.224,0,0
49767,1.012,-1.094,-1.153,-50.469,151.664,47.031,0,0
49812,-0.485,-0.742,-0.487,-98.305,250.13,70.939,0,177
49871,-2.0,-1.014,1.105,-81.48,81.282,-7.446,5,52
49928,-0.591,-0.127,-0.191,-7.639,-250.137,-38.26,136,172
49981,0.903,-0.499,-1.176,-5.984,-220.527,13.652,124,146
50033,-0.355,-1.145,0.028,-7.972,122.023,110.588,117,127
50091,-1.778,-1.67,0.707,2.496,-250.137,51.641,0,135
50192,0.598,-1.048,-0.725,-22.34,250.13,-24.267,0,143
50243,-1.923,-0.982,0.708,-23.817,250.13,29.523,84,137
50298,-1.235,-0.252,0.374,-60.719,-250.137,-32.756,24,50
50352,-0.154,-0.001,-0.371,-50.935,-250.137,-9.64,0,69
50405,-0.192,-0.28,-0.155,-37.897,-216.771,39.388,0,60
50461,0.65,-1.217,-1.183,-26.23,217.382,29.046,0,62
50515,-2.0,-2.0,0.54,-129.099,250.13,80.206,0,81
50570,-1.637,-1.308,-0.734,-93.649,-250.137,-3.978,0,83
50626,1.745,-0.914,-1.477,-36.39,-178.26,-19.84,0,107
50682,-0.39,-0.275,-0.083,-58.481,250.13,43.099,0,102
50742,-1.839,-0.706,1.212,-66.288,-250.137,-3.164,0,120
50803,0.133,-0.907,-0.85,43.145,-250.137,-11.38,0,0
50850,0.056,-0.721,0.21,3.763,-23.83,-10.563,0,0
50900,-0.438,-2.0,0.213,4.267,-19.454,-28.893,0,19
50952,1.022,-1.113,-0.91,58.618,250.13,-29.664,0,21
51008,-1.812,-0.289,-0.633,-31.628,250.13,100.802,0,58
51069,-2.0,-0.437,0.756,-18.815,-250.137,-2.322,0,0
51118,0.743,-0.317,-1.229,-2.29,-250.137,-27.244,0,0
51169,0.708,0.094,-0.701,4.786,235.595,6.142,0,29
51223,-2.0,-0.673,1.43,-75.519,88.542,83.908,0,30
51279,-2.0,-1.59,-0.28,-53.741,-250.137,28.214,0,54
51333,1.417,-2.0,-1.551,-6.198,-199.389,-48.397,0,50
51386,0.478,-0.94,-1.331,-3.458,250.13,43.565,0,62
51440,-2.0,-1.052,-0.643,-12.516,250.13,49.863,0,73
51487,-2.0,-0.093,1.091,-23.843,-250.137,-60.084,86,75
51542,-0.375,-0.009,-1.056,-30.778,-250.137,-25.84,0,76
51597,1.865,-0.576,-1.3,30.076,-109.209,-46.076,5,27
51655,-0.829,-1.2,-0.347,-4.42,250.13,63.336,0,93
51710,-2.0,-2.0,1.289,12.229,-58.966,109.252,0,104
51770,-0.686,-0.867,0.295,-7.183,-250.137,-7.482,0,62
51826,1.561,-0.38,-1.141,40.618,161.198,-98.718,0,67
51883,-1.109,0.276,-0.613,-17.104,250.13,30.977,0,140
51937,-2.0,-0.378,1.569,-14.529,-250.137,-3.428,0,83
51990,-0.607,-0.141,-1.045,6.565,-250.137,-38.511,0,81
52043,0.803,-1.002,-1.32,2.939,228.855,31.183,0,90
52099,-2.0,-2.0,0.621,-90.13,250.13,96.26,0,106
52157,-1.206,-1.828,-0.004,-10.169,-250.137,16.01,0,127
52209,1.872,-0.097,-1.119,-6.931,20.252,-73.473,0,53
52261,-0.225,-0.474,-0.49,-51.544,250.13,-35.321,0,62
52315,-2.0,0.07,1.982,-27.74,-141.244,10.707,0,71
52367,-1.027,-0.605,-0.854,-3.153,-250.137,36.565,0,69
52419,1.504,-1.503,-1.436,16.328,-250.137,-20.061,0,56
52471,0.702,-1.479,-0.761,-45.516,250.13,15.946,0,47
52524,-2.0,-1.687,-0.616,79.198,250.13,112.305,0,62
52575,-2.0,-0.171,1.413,3.351,-250.137,-24.54,0,50
52630,-0.41,-0.519,-0.448,-30.79,-250.137,-38.389,200,61
52687,1.734,0.139,-0.857,12.176,102.183,-32.405,197,136
52747,-0.83,0.053,-0.749,-24.269,250.13,68.397,0,186
52802,-2.0,-0.117,1.486,-59.565,-147.351,25.864,0,117
52852,-2.0,-1.153,-1.669,-108.733,-250.137,-3.753,36,184
52950,0.877,-1.086,-1.3,-53.664,250.13,99.794,164,123
53010,-2.0,-1.389,-0.587,-19.044,250.13,72.321,0,0
53068,-1.644,0.026,0.44,-39.135,-250.137,-62.069,171,0
53123,1.007,-0.215,-1.589,-43.418,-250.137,-21.931,159,62
53174,0.714,-0.378,-0.651,-27.606,217.565,63.679,0,44
53224,-2.0,-1.965,0.334,-16.423,249.313,128.221,120,106
53284,-2.0,-1.747,0.124,-5.489,-250.137,63.977,0,0
53339,0.149,-1.073,-0.842,-33.478,-250.137,71.267,0,84
53390,0.986,-0.508,-1.025,-11.51,250.13,51.855,0,37
53445,-1.043,0.006,-0.709,-60.832,250.13,88.542,0,42
53496,-2.0,-0.044,1.582,-90.611,-193.092,-73.206,0,43
53551,-1.181,0.327,-0.983,-110.008,-250.137,-33.519,0,99
53597,1.438,-0.612,-1.907,-79.931,-67.0,-10.626,20,74
53652,-0.946,-0.852,-2.0,-105.573,250.13,93.099,0,97
53705,-2.0,-1.018,0.848,-61.573,-250.137,-169.611,0,72
53758,-1.341,-0.899,-1.902,-99.298,-250.137,-21.579,0,77
53813,2.0,-0.568,-1.861,-35.535,-49.37,10.791,0,82
53867,-0.196,-0.124,-1.011,-77.427,250.13,86.412,0,94
53923,-2.0,-0.854,2.0,-56.305,-36.86,-17.857,0,130
53977,-1.665,-1.174,-1.487,-4.527,-250.137,42.389,0,71
54023,2.0,-1.388,-1.932,26.733,-47.802,-9.504,30,73
54079,-0.196,-1.08,-1.281,3.053,250.13,76.092,0,113
54137,-2.0,-0.853,2.0,3.878,-79.718,-52.55,0,174
54179,-0.624,-0.552,-1.045,-54.599,-250.137,-61.58,30,49
54223,1.988,-0.331,-1.503,-43.661,-53.611,-32.412,25,70
54278,-0.114,-0.085,-0.427,-37.823,250.13,51.725,0,103
54335,-2.0,-0.237,1.076,-6.588,98.45,-14.384,0,147
54396,-1.668,-0.418,0.088,-74.053,-250.137,37.893,0,0
54443,0.462,-1.721,-0.963,-81.817,-205.313,60.206,0,0
54501,0.186,-1.643,-1.161,-42.168,250.13,86.901,0,38
54555,-2.0,-1.601,0.46,67.924,250.13,36.808,0,92
54609,-1.481,-0.135,0.535,0.603,-250.137,-81.168,0,90
54661,0.268,-0.114,-0.943,-15.956,-250.137,-59.519,0,32
54716,1.674,-0.1,-1.085,22.748,157.42,20.9,0,40
54769,-0.993,-1.124,-0.564,21.847,250.13,109.198,0,65
54824,-2.0,-1.536,1.489,35.427,-250.137,4.986,0,43
54867,-0.897,-1.506,-0.737,-3.252,-250.137,-21.435,10,16
54912,2.0,-0.692,-1.143,-6.786,65.252,-49.466,31,28
54963,0.06,-0.218,-0.956,-11.138,250.13,52.542,0,48
55020,-2.0,-0.186,0.508,40.145,250.13,23.171,0,71
55073,-1.93,0.149,0.57,-14.236,-250.137,-22.26,0,72
55115,-0.819,-0.561,-0.502,-21.073,-250.137,22.608,31,34
55166,1.245,-1.528,-1.003,-9.572,-112.893,4.379,0,37
55222,-0.349,-1.632,-0.766,1.916,250.13,35.992,0,43
55274,-2.0,-1.623,1.325,54.42,250.13,-8.091,0,52
55329,-1.324,-0.424,-0.118,-19.488,-250.137,-42.588,0,41
55384,1.263,-0.553,-1.206,-22.307,-215.565,-69.176,0,37
55440,0.693,-0.04,-0.573,22.977,250.13,13.921,0,44
55494,-1.29,-0.529,0.199,38.313,250.13,67.176,0,94
55546,-2.0,-1.792,0.749,-37.364,-250.137,40.924,0,48
55632,2.0,-0.814,-0.918,55.382,53.466,-66.084,34,50
55685,0.199,-0.323,-0.97,36.962,250.13,17.818,0,55
55744,-2.0,0.099,-0.319,6.313,250.13,11.841,0,107
55797,-2.0,-0.157,0.291,-64.159,-250.137,-18.386,0,77
55851,-0.795,-0.382,-1.46,-32.447,-250.137,30.304,0,52
55904,1.951,-0.858,-1.22,45.84,-38.259,29.053,0,54
55958,-1.568,-1.623,-1.211,-15.213,250.13,27.948,0,76
56011,-2.0,-1.355,1.689,-52.218,-250.137,-85.023,0,77
56067,-0.098,-0.667,-1.114,-57.832,-250.137,-58.389,0,91
56122,1.527,0.052,-1.097,-60.473,196.435,-22.221,0,94
56177,-1.572,-0.223,1.107,18.313,204.992,-5.591,0,103
56231,-1.164,-0.54,0.011,20.069,-250.137,2.199,0,91
56285,1.809,-1.541,-1.433,70.359,-97.275,11.554,0,70
56342,-1.295,-2.0,0.678,-30.298,178.771,86.076,0,76
56396,-0.029,-1.376,0.081,17.16,-43.702,-37.443,0,81
56450,-0.047,-0.314,0.008,-18.188,250.13,-2.175,0,74
56506,-1.854,-0.639,1.04,-13.116,-31.094,0.54,0,107
56558,0.457,-0.302,-0.595,19.573,-106.031,-64.427,171,76
56612,-0.648,0.419,-0.205,-43.064,250.13,43.099,0,82
56664,-2.0,-1.132,0.603,-97.779,-197.763,64.13,155,85
56716,-0.377,-2.0,-1.161,21.046,-250.137,-49.481,143,96
56768,0.249,-0.868,-1.117,-60.29,250.13,13.523,135,105
56823,-2.0,-1.721,1.377,-136.267,-230.71,-22.542,126,116
56876,0.063,-0.755,-1.166,-9.814,-250.137,-4.28,115,137
56934,1.134,0.314,-1.063,-0.13,142.13,19.855,176,172
56985,-2.0,-0.781,1.113,-82.901,56.539,42.466,94,132
57047,-0.215,-1.5,-0.616,54.137,-250.137,10.071,0,0
57107,0.081,-0.812,-0.145,-59.143,162.031,99.191,0,188
57164,-1.455,-2.0,0.556,-7.941,-177.069,63.382,0,134
57224,1.143,-0.837,-0.812,41.038,42.84,-25.87,0,167
57283,-0.967,-0.434,-0.413,-58.031,250.13,21.853,0,116
57337,-2.0,-0.054,1.051,-96.214,-250.137,-77.489,125,163
57395,-0.07,-0.702,-1.741,-1.771,-250.137,-15.688,0,124
57452,0.961,-0.077,-1.061,-1.221,223.847,12.485,0,130
57503,-2.0,-1.508,0.278,-152.389,250.13,52.214,86,143
57562,-1.456,-2.0,-0.606,-12.228,-250.137,0.655,0,146
57621,0.523,-0.419,-0.919,-65.221,-68.427,-16.092,0,167
57674,-1.558,-1.185,0.597,-164.344,-176.527,5.365,0,59
57731,0.326,-0.822,-0.772,7.565,-250.137,-34.443,0,61
57785,1.118,0.113,-0.824,23.252,176.053,13.186,0,68
57838,-1.161,-0.661,0.14,-83.198,250.13,55.992,0,77
57893,-1.782,-2.0,0.557,-32.101,-250.137,59.107,0,89
57949,0.762,-1.729,-0.715,83.687,-226.427,71.069,0,100
58005,-0.021,-0.789,-0.573,28.618,250.13,30.947,0,105
58061,-2.0,-0.424,1.328,-44.854,-23.167,-48.939,0,114
58122,-1.116,-0.169,-0.286,-32.474,-250.137,-64.519,0,0
58170,1.66,-0.186,-1.366,22.351,-115.695,-57.053,0,0
58228,-0.139,-0.289,-0.874,-7.415,250.13,37.969,0,93
58279,-2.0,-2.0,1.883,-121.13,-141.031,-5.46,0,26
58335,-1.504,-1.966,-1.333,-41.922,-250.137,-15.963,0,28
58430,0.065,-0.527,-1.045,-23.184,250.13,-6.106,0,41
58486,-2.0,-0.397,1.493,-70.183,219.061,-30.176,0,42
58539,-1.034,-0.624,0.201,3.069,-250.137,-13.716,0,50
58592,1.98,-0.839,-1.347,128.0,-220.458,-57.573,0,60
58646,0.385,-0.822,-0.656,47.763,250.13,57.382,0,70
58703,-2.0,-1.933,1.4,-6.695,184.687,77.046,0,66
58762,-0.951,-1.395,0.08,31.58,-250.137,-2.946,0,63
58819,1.564,-0.45,-0.675,31.878,-48.191,-58.29,0,71
58873,-0.049,-0.009,-1.184,3.969,250.13,10.374,0,94
58919,-2.0,0.428,1.58,-42.929,250.13,-3.946,66,93
58974,-2.0,-0.214,0.346,-66.802,-250.137,-2.586,0,97
59026,-1.148,-1.067,-0.947,-52.677,-250.137,35.198,0,61
59078,1.572,-1.788,-0.903,-0.893,19.616,-25.382,0,66
59134,-0.363,-1.75,-0.627,5.542,250.13,79.397,0,120
59190,-2.0,-0.819,1.523,-3.435,177.183,-9.463,0,78
59244,-1.497,-0.237,0.042,-102.901,-250.137,-50.74,0,85
59299,0.05,-1.012,-1.332,-0.372,-250.137,-33.908,0,107
59352,2.0,0.193,-1.049,56.74,249.122,-27.847,0,56
59407,-0.671,-0.605,-0.714,25.954,250.13,62.282,0,110
59458,-2.0,-1.905,1.851,10.397,13.842,118.733,0,54
59513,-0.979,-1.809,-0.03,21.183,-250.137,22.958,0,49
59566,1.478,-0.608,-0.779,29.389,39.832,-73.817,0,56
59617,-0.796,-0.064,-0.229,-32.024,250.13,23.185,0,49
59672,-2.0,-0.18,1.523,-17.61,-169.275,-25.725,0,47
59727,-0.811,0.124,-0.299,-23.835,-250.137,-45.282,5,18
59779,1.148,-0.467,-0.99,3.191,69.595,21.817,0,37
59831,-1.725,-1.333,-0.428,-32.051,250.13,71.695,0,56
59886,-2.0,-1.819,1.13,-126.626,-250.137,5.523,0,43
59942,-0.774,-1.411,-0.865,-75.664,-250.137,1.9,0,130
60002,1.708,-0.205,-1.075,-40.888,157.641,-3.224,198,177
60061,-0.751,-0.652,-0.585,-29.025,250.13,-35.275,192,0
60118,-2.0,0.14,1.584,-44.793,-131.809,-17.5,187,81
60172,-1.459,-1.449,-0.601,-38.121,-250.137,116.565,179,113
60218,1.751,-1.841,-1.245,50.298,-250.137,-39.061,44,97
60273,1.078,-1.038,-0.836,49.87,250.13,4.84,0,107
60331,-2.0,-1.316,0.145,32.901,250.13,5.818,166,192
60389,-2.0,-0.572,0.321,-13.9,-250.137,-2.027,159,0
60442,0.629,-0.272,-1.356,-46.29,-250.137,-21.348,0,67
60498,1.034,0.193,-0.763,-6.779,250.13,69.206,0,132
60551,-2.0,-0.021,0.439,-76.145,250.13,75.802,159,104
60614,-2.0,-1.718,-0.594,-82.397,-250.137,10.319,0,35
60666,-0.538,-1.803,-0.842,-96.496,-250.137,-2.394,0,23
60730,0.643,-0.923,-0.957,-62.836,250.13,1.106,0,0
60779,-2.0,-0.54,1.692,-116.061,167.977,6.387,0,0
60835,-1.728,-0.358,-0.013,-55.527,-250.137,-68.71,0,87
60892,1.402,-0.538,-1.659,28.771,-250.137,-66.985,0,90
60948,-0.084,-0.76,-0.227,1.603,222.656,90.053,0,83
61004,-2.0,-1.487,0.975,-61.305,-44.534,126.137,0,84
61064,-0.486,-1.552,-0.238,18.313,-250.137,48.153,0,84
61121,1.096,-0.299,-0.906,22.42,250.13,5.435,0,89
61221,-2.0,-0.548,1.398,-62.275,-129.87,-66.489,0,105
61279,-0.551,-0.079,-0.646,-51.432,-250.137,-34.221,0,94
61335,0.571,-0.091,-0.796,-59.794,-39.41,13.19,0,98
61393,-2.0,-1.518,0.414,-172.489,35.511,98.87,0,104
61449,-1.597,-1.829,-0.386,-84.267,-250.137,-3.985,0,77
61503,1.407,-1.275,-1.343,10.786,-167.359,-85.618,0,40
61560,0.116,-0.449,-0.709,-60.473,250.13,-2.081,0,90
61620,-2.0,-1.118,1.207,-78.603,14.756,5.254,0,96
61673,0.022,-0.501,-0.541,51.664,-250.137,-25.114,0,31
61736,0.788,-0.266,-0.724,25.649,157.832,37.494,0,0
61786,-2.0,-2.0,0.885,-26.566,-60.863,86.214,0,0
61825,-0.619,-1.622,-0.113,60.649,-250.137,56.435,0,26
61878,1.168,-1.09,-0.838,56.275,-1.688,-4.385,0,19
61943,-0.826,0.189,-0.465,-20.089,250.13,60.267,0,187
61997,-1.662,-0.734,0.599,-24.634,-250.137,-54.481,0,32
62054,0.773,0.02,-0.925,14.359,-245.992,-27.015,0,37
62107,-1.225,-0.034,0.802,-113.267,-80.794,65.901,0,29
62160,-0.349,-1.951,-0.031,44.802,-250.137,-35.702,0,35
62215,0.617,-1.333,-1.002,44.809,250.13,-1.924,0,46
62270,-2.0,-1.831,0.933,-108.107,162.641,2.766,0,48
62323,-0.664,-1.021,0.001,-31.98,-250.137,-30.55,0,35
62376,1.661,0.132,-1.228,28.26,139.718,-30.985,0,23
62434,-1.981,0.152,1.623,-94.985,107.855,-0.241,0,31
62487,-0.733,-1.382,-0.77,48.565,-250.137,-44.191,0,31
62543,1.929,-0.821,-1.237,120.672,168.252,-75.893,0,30
62597,-1.231,-1.245,0.357,-101.565,250.13,89.267,0,30
62650,-1.184,-2.0,1.041,96.802,-6.33,20.853,0,27
62703,0.192,-0.004,-0.229,94.031,98.992,-69.687,0,25
62759,-0.807,-0.184,0.592,-115.176,82.198,-5.566,0,25
62813,-0.058,-0.753,0.363,51.473,-83.725,-49.389,0,24
62868,0.118,0.666,-0.589,106.916,250.13,-67.481,0,48
62924,-2.0,-1.538,1.008,-195.878,21.962,100.42,0,78
62978,-1.427,-2.0,0.125,4.237,-250.137,121.802,0,36
63035,1.743,-0.438,-1.376,84.275,65.55,-178.13,0,39
63089,-1.032,-0.257,-0.205,-118.672,250.13,-90.916,0,48
63144,-1.478,-1.333,0.851,-123.252,155.176,-19.55,0,54
63201,-0.642,-0.331,0.258,102.947,-206.977,49.977,0,69
63255,-0.662,0.154,0.259,-54.55,-250.137,45.962,0,49
63310,-0.311,-2.0,-0.812,1.939,-250.137,47.84,0,54
63365,1.156,-1.453,-0.585,146.748,143.557,-73.847,0,54
63420,-0.506,-0.518,-0.122,-22.855,250.13,81.351,0,56
63479,-1.075,-1.448,0.32,12.366,238.504,29.687,5,21
63535,-1.026,-0.768,-0.113,165.679,179.71,-224.664,0,73
63592,-0.945,1.281,0.668,-26.248,25.901,-50.84,0,82
63648,-1.249,-0.663,-0.292,-8.695,-132.725,46.748,0,79
63706,-1.563,-0.874,0.061,-39.131,-244.672,-35.679,0,89
63763,-0.68,-2.0,-0.896,-64.756,-250.137,90.878,0,89
63819,0.924,-1.95,-0.856,14.305,-123.046,-33.84,0,89
63879,-0.535,-1.364,-1.059,-1.366,250.13,-132.756,0,118
63938,-1.128,0.431,1.432,-155.893,146.389,44.802,0,135
